2.02 412556232
2.02 412557592
2.02 412558952
2.02 412560312\xff\n2.02 412550792
2.02 412552152
2.02 412553512
2.02 412554872
2.02 412556232
2.02 412557592
2.02 412558952
2.02 412560312\xff\n2.02 412550792
2.02 412552152
2.02 412553512
2.02 412554872
2.02 412556232
2.02 412557592
2.02 412558952
2.02 728
2.02 1232
2.02 1784
2.02 2332
2.02 2888
2.02 3432
2.02 3976
2.02 4536
2.02 5080
2.02 5640
2.02 6180
2.02 6736
2.02 7272
2.02 8072
2.02 8992
2.02 9928
2.02 10864
2.02 11896
2.02 12904
2.02 13936
2.02 14944
2.02 15976
2.02 16984
2.02 18016
2.02 19024
2.02 20056
2.02 21064
2.02 22096
2.02 23104
2.02 24136
2.02 25144
2.02 26176
2.02 27184
2.02 28216
2.02 29224
2.02 30256
2.02 31264
2.02 32296
2.02 33304
2.02 34336
2.02 35344
2.02 36376
2.02 37384
2.02 38416
2.02 39424
2.02 40456
2.02 41464
2.02 42496
2.02 43504
2.02 44536
2.02 45544
2.02 46576
2.02 47584
2.02 48616
2.02 49624
2.02 50656
2.02 51664
2.02 52696
2.02 53704
2.02 54736
2.02 55744
2.02 56776
2.02 58816
2.02 59824
2.02 60856
2.02 61864
2.02 62896
2.02 63904
2.02 64936
2.02 65944
2.02 66976
2.02 67984
2.02 69016
2.02 70024
2.02 71056
2.02 72064
2.02 73096
2.02 74104
2.02 75136
2.02 76144
2.02 77176
2.02 78184
2.02 79216
2.02 80224
2.02 81256
2.02 82264
2.02 83296
2.02 84304
2.02 85336
2.02 86344
2.02 87376
2.02 88384
2.02 89416
2.02 90424
2.02 91456
2.02 92464
2.02 93496
2.02 94504
2.02 95536
2.02 96544
2.02 97576
2.02 98584
2.02 99616
2.02 100624
2.02 101728
2.02 102832
2.02 103952
2.02 105056
2.02 106160
2.02 107264
2.02 108360
2.02 109464
2.02 110568
2.02 111672
2.02 112792
2.02 113896
2.02 115000
2.02 116104
2.02 117200
2.02 118304
2.02 119408
2.02 120512
2.02 121632
2.02 122736
2.02 123840
2.02 124948
2.02 126040
2.02 127160
2.02 128248
2.02 129352
2.02 130472
2.02 131576
2.02 132680
2.02 133784
2.02 134880
2.02 135984
2.02 137088
2.02 138192
2.02 139316
2.02 140416
2.02 141520
2.02 142624
2.02 143720
2.02 144824
2.02 145928
2.02 147032
2.02 148152
2.02 149256
2.02 150360
2.02 151464
2.02 152560
2.02 153664
2.02 154768
2.02 155872
2.02 156992
2.02 158096
2.02 159200
2.02 161400
2.02 162504
2.02 163608
2.02 164712
2.02 165832
2.02 166940
2.02 168040
2.02 169144
2.02 170240
2.02 171344
2.02 172448
2.02 173552
2.02 174672
2.02 175776
2.02 176880
2.02 177984
2.02 179080
2.02 180184
2.02 181300
2.02 182392
2.02 183512
2.02 184616
2.02 185720
2.02 186824
2.02 187920
2.02 189024
2.02 190128
2.02 191232
2.02 192352
2.02 193456
2.02 194564
2.02 195664
2.02 196760
2.02 197864
2.02 198968
2.02 200072
2.02 201192
2.02 202296
2.02 203400
2.02 204504
2.02 205600
2.02 206704
2.02 207808
2.02 208924
2.02 210032
2.02 211136
2.02 212240
2.02 213344
2.02 214440
2.02 215544
2.02 216648
2.02 217752
2.02 218872
2.02 219976
2.02 221080
2.02 222184
2.02 223292
2.02 224384
2.02 225488
2.02 226592
2.02 227712
2.02 228816
2.02 229920
2.02 231024
2.02 232120
2.02 233224
2.02 234328
2.02 235432
2.02 236556
2.02 237656
2.02 238768
2.02 239864
2.02 240960
2.02 242064
2.02 243168
2.02 244272
2.02 245392
2.02 246496
2.02 247600
2.02 248704
2.02 249800
2.02 250916
2.02 252008
2.02 253112
2.02 254232
2.02 255336
2.02 256440
2.02 257544
2.02 258640
2.02 259744
2.02 260848
2.02 263072
2.02 264176
2.02 265280
2.02 266384
2.02 267480
2.02 268584
2.02 269688
2.02 270792
2.02 271912
2.02 273016
2.02 274120
2.02 275224
2.02 276320
2.02 277424
2.02 278528
2.02 279632
2.02 280752
2.02 281856
2.02 282960
2.02 284064
2.02 285160
2.02 286264
2.02 287368
2.02 288472
2.02 289592
2.02 290696
2.02 291800
2.02 292908
2.02 294000
2.02 295104
2.02 296208
2.02 297312
2.02 298432
2.02 299536
2.02 300640
2.02 301744
2.02 302840
2.02 303944
2.02 305048
2.02 306152
2.02 307272
2.02 308376
2.02 309480
2.02 310584
2.02 311680
2.02 312784
2.02 313888
2.02 314992
2.02 316112
2.02 317216
2.02 318320
2.02 319424
2.02 320532
2.02 321624
2.02 322744
2.02 323832
2.02 324952
2.02 326056
2.02 327160
2.02 328264
2.02 329360
2.02 330464
2.02 331568
2.02 332672
2.02 333792
2.02 334900
2.02 336000
2.02 337104
2.02 338200
2.02 339304
2.02 340408
2.02 341512
2.02 342632
2.02 343736
2.02 344840
2.02 345944
2.02 347040
2.02 348144
2.02 349248
2.02 350352
2.02 351472
2.02 352576
2.02 353680
2.02 354784
2.02 355880
2.02 356984
2.02 358088
2.02 359192
2.02 361416
2.02 362524
2.02 363624
2.02 364720
2.02 365824
2.02 366928
2.02 368032
2.02 369152
2.02 370256
2.02 371360
2.02 372464
2.02 373560
2.02 374664
2.02 375768
2.02 376884
2.02 377992
2.02 379096
2.02 380200
2.02 381304
2.02 382400
2.02 383504
2.02 384608
2.02 385712
2.02 386832
2.02 387936
2.02 389040
2.02 390144
2.02 391240
2.02 392344
2.02 393448
2.02 394552
2.02 395672
2.02 396776
2.02 397880
2.02 398984
2.02 400080
2.02 401184
2.02 402288
2.02 403392
2.02 404516
2.02 405616
2.02 406720
2.02 407824
2.02 408920
2.02 410024
2.02 411128
2.02 412232
2.02 413352
2.02 414456
2.02 415560
2.02 416664
2.02 417760
2.02 418876
2.02 419968
2.02 421072
2.02 422192
2.02 423296
2.02 424400
2.02 425504
2.02 426600
2.02 427704
2.02 428808
2.02 429912
2.02 431032
2.02 432140
2.02 433240
2.02 434352
2.02 435440
2.02 436544
2.02 437648
2.02 438752
2.02 439872
2.02 440976
2.02 442080
2.02 443184
2.02 444280
2.02 445384
2.02 446500
2.02 447592
2.02 448712
2.02 449816
2.02 450920
2.02 452024
2.02 453120
2.02 454224
2.02 455328
2.02 456432
2.02 457552
2.02 458656
2.02 459760
2.02 460864
2.02 461960
2.02 464168
2.02 465272
2.02 466392
2.02 467496
2.02 468600
2.02 469704
2.02 470800
2.02 471904
2.02 473008
2.02 474112
2.02 475232
2.02 476344
2.02 477440
2.02 478544
2.02 479640
2.02 480744
2.02 481848
2.02 482952
2.02 484072
2.02 485176
2.02 486280
2.02 487384
2.02 488492
2.02 489584
2.02 490688
2.02 491792
2.02 492912
2.02 494016
2.02 495120
2.02 496224
2.02 497320
2.02 498424
2.02 499528
2.02 500632
2.02 501752
2.02 502856
2.02 503960
2.02 505064
2.02 506160
2.02 507264
2.02 508368
2.02 509472
2.02 510592
2.02 511696
2.02 512800
2.02 513904
2.02 515000
2.02 516116
2.02 517208
2.02 518328
2.02 519432
2.02 520536
2.02 521640
2.02 522744
2.02 523840
2.02 524944
2.02 526048
2.02 527152
2.02 528272
2.02 529376
2.02 530484
2.02 531584
2.02 532680
2.02 533784
2.02 534888
2.02 535992
2.02 537112
2.02 538216
2.02 539320
2.02 540424
2.02 541520
2.02 542624
2.02 543728
2.02 544832
2.02 545952
2.02 547056
2.02 548160
2.02 549264
2.02 550360
2.02 551464
2.02 552568
2.02 553672
2.02 554792
2.02 555896
2.02 557000
2.02 558108
2.02 559200
2.02 560304
2.02 562512
2.02 563632
2.02 564736
2.02 565840
2.02 566944
2.02 568040
2.02 569144
2.02 570248
2.02 571352
2.02 572476
2.02 573576
2.02 574680
2.02 575784
2.02 576880
2.02 577984
2.02 579088
2.02 580192
2.02 581312
2.02 582416
2.02 583520
2.02 584624
2.02 585720
2.02 586824
2.02 587944
2.02 589032
2.02 590152
2.02 591256
2.02 592360
2.02 593464
2.02 594560
2.02 595664
2.02 596768
2.02 597872
2.02 598992
2.02 600100
2.02 601200
2.02 602304
2.02 603400
2.02 604504
2.02 605608
2.02 606712
2.02 607832
2.02 608936
2.02 610040
2.02 611144
2.02 612240
2.02 613344
2.02 614460
2.02 615552
2.02 616672
2.02 617776
2.02 618880
2.02 619984
2.02 621080
2.02 622184
2.02 623288
2.02 624392
2.02 625512
2.02 626616
2.02 627724
2.02 628824
2.02 629936
2.02 631024
2.02 632128
2.02 633232
2.02 634352
2.02 635456
2.02 636560
2.02 637664
2.02 638760
2.02 639864
2.02 640968
2.02 642084
2.02 643192
2.02 644296
2.02 645400
2.02 646504
2.02 647600
2.02 648704
2.02 649808
2.02 650912
2.02 652032
2.02 653136
2.02 654240
2.02 655344
2.02 656440
2.02 657544
2.02 658648
2.02 659752
2.02 660872
2.02 661976
2.02 664184
2.02 665280
2.02 666384
2.02 667488
2.02 668592
2.02 669716
2.02 670816
2.02 671928
2.02 673024
2.02 674120
2.02 675224
2.02 676328
2.02 677432
2.02 678552
2.02 679656
2.02 680760
2.02 681864
2.02 682960
2.02 684076
2.02 685168
2.02 686272
2.02 687392
2.02 688496
2.02 689600
2.02 690704
2.02 691800
2.02 692904
2.02 694008
2.02 695112
2.02 696232
2.02 697336
2.02 698440
2.02 699544
2.02 700640
2.02 701744
2.02 702848
2.02 703952
2.02 705072
2.02 706176
2.02 707280
2.02 708384
2.02 709480
2.02 710584
2.02 711700
2.02 712792
2.02 713912
2.02 715016
2.02 716120
2.02 717224
2.02 718320
2.02 719424
2.02 720528
2.02 721632
2.02 722752
2.02 723856
2.02 724960
2.02 726068
2.02 727160
2.02 728264
2.02 729368
2.02 730472
2.02 731592
2.02 732696
2.02 733800
2.02 734904
2.02 736000
2.02 737104
2.02 738208
2.02 739312
2.02 740432
2.02 741536
2.02 742640
2.02 743744
2.02 744840
2.02 745944
2.02 747048
2.02 748152
2.02 749272
2.02 750376
2.02 751480
2.02 752584
2.02 753692
2.02 754784
2.02 755888
2.02 756992
2.02 758112
2.02 759216
2.02 760320
2.02 761424
2.02 762520
2.02 763624
2.02 764728
2.02 766952
2.02 768060
2.02 769160
2.02 770264
2.02 771360
2.02 772464
2.02 773568
2.02 774672
2.02 775792
2.02 776896
2.02 778000
2.02 779104
2.02 780200
2.02 781304
2.02 782408
2.02 783528
2.02 784632
2.02 785736
2.02 786840
2.02 787944
2.02 789040
2.02 790144
2.02 791248
2.02 792352
2.02 793472
2.02 794576
2.02 795684
2.02 796784
2.02 797880
2.02 798984
2.02 800088
2.02 801192
2.02 802312
2.02 803416
2.02 804520
2.02 805624
2.02 806720
2.02 807824
2.02 808928
2.02 810044
2.02 811152
2.02 812256
2.02 813360
2.02 814464
2.02 815560
2.02 816664
2.02 817768
2.02 818872
2.02 819992
2.02 821096
2.02 822200
2.02 823308
2.02 824400
2.02 825520
2.02 826608
2.02 827712
2.02 828832
2.02 829936
2.02 831040
2.02 832144
2.02 833240
2.02 834344
2.02 835448
2.02 836552
2.02 837676
2.02 838776
2.02 839880
2.02 840984
2.02 842080
2.02 843184
2.02 844288
2.02 845392
2.02 846512
2.02 847616
2.02 848720
2.02 849824
2.02 850920
2.02 852024
2.02 853128
2.02 854232
2.02 855352
2.02 856456
2.02 857560
2.02 858664
2.02 859760
2.02 860864
2.02 861968
2.02 863072
2.02 864192
2.02 865300
2.02 866400
2.02 868600
2.02 869704
2.02 870808
2.02 871912
2.02 873032
2.02 874136
2.02 875240
2.02 876344
2.02 877440
2.02 878544
2.02 879660
2.02 880752
2.02 881872
2.02 882976
2.02 884080
2.02 885184
2.02 886280
2.02 887384
2.02 888488
2.02 889592
2.02 890712
2.02 891816
2.02 892920
2.02 894024
2.02 895120
2.02 896224
2.02 897328
2.02 898432
2.02 899552
2.02 900656
2.02 901760
2.02 902864
2.02 903960
2.02 905064
2.02 906168
2.02 907284
2.02 908392
2.02 909496
2.02 910600
2.02 911704
2.02 912800
2.02 913904
2.02 915008
2.02 916112
2.02 917232
2.02 918336
2.02 919440
2.02 920544
2.02 921652
2.02 922744
2.02 923848
2.02 924952
2.02 926072
2.02 927176
2.02 928280
2.02 929384
2.02 930480
2.02 931584
2.02 932688
2.02 933792
2.02 934912
2.02 936016
2.02 937120
2.02 938224
2.02 939320
2.02 940424
2.02 941528
2.02 942632
2.02 943752
2.02 944856
2.02 945960
2.02 947064
2.02 948160
2.02 949276
2.02 950368
2.02 951472
2.02 952592
2.02 953696
2.02 954800
2.02 955904
2.02 957000
2.02 958104
2.02 959208
2.02 960312
2.02 961432
2.02 962536
2.02 963644
2.02 964744
2.02 965840
2.02 966944
2.02 968048
2.02 969152
2.02 971376
2.02 972480
2.02 973584
2.02 974680
2.02 975784
2.02 976888
2.02 977992
2.02 979112
2.02 980216
2.02 981320
2.02 982424
2.02 983520
2.02 984624
2.02 985728
2.02 986832
2.02 987952
2.02 989056
2.02 990160
2.02 991268
2.02 992360
2.02 993464
2.02 994568
2.02 995672
2.02 996792
2.02 997896
2.02 999000
2.02 1000104
2.02 1001296
2.02 1002472
2.02 1003664
2.02 1004864
2.02 1006056
2.02 1007232
2.02 1008424
2.02 1009624
2.02 1010816
2.02 1011992
2.02 1013184
2.02 1014384
2.02 1015576
2.02 1016752
2.02 1017944
2.02 1019144
2.02 1020336
2.02 1021512
2.02 1022704
2.02 1023904
2.02 1025096
2.02 1026272
2.02 1027464
2.02 1028664
2.02 1029856
2.02 1031032
2.02 1032236
2.02 1033424
2.02 1034616
2.02 1035792
2.02 1036984
2.02 1038184
2.02 1039380
2.02 1040568
2.02 1041744
2.02 1042944
2.02 1044136
2.02 1045312
2.02 1046504
2.02 1047704
2.02 1048896
2.02 1050072
2.02 1051264
2.02 1052464
2.02 1053656
2.02 1054832
2.02 1056024
2.02 1057224
2.02 1058416
2.02 1059592
2.02 1060784
2.02 1061984
2.02 1063176
2.02 1064352
2.02 1065544
2.02 1066744
2.02 1067936
2.02 1069112
2.02 1070304
2.02 1071504
2.02 1073872
2.02 1075064
2.02 1076268
2.02 1077456
2.02 1078632
2.02 1079824
2.02 1081024
2.02 1082216
2.02 1083392
2.02 1084600
2.02 1085784
2.02 1086976
2.02 1088152
2.02 1089344
2.02 1090544
2.02 1091736
2.02 1092912
2.02 1094104
2.02 1095304
2.02 1096496
2.02 1097672
2.02 1098864
2.02 1100064
2.02 1101256
2.02 1102432
2.02 1103624
2.02 1104824
2.02 1106016
2.02 1107192
2.02 1108384
2.02 1109584
2.02 1110776
2.02 1111952
2.02 1113144
2.02 1114344
2.02 1115536
2.02 1116712
2.02 1117904
2.02 1119104
2.02 1120300
2.02 1121472
2.02 1122664
2.02 1123864
2.02 1125056
2.02 1126232
2.02 1127424
2.02 1128632
2.02 1129816
2.02 1130992
2.02 1132184
2.02 1133384
2.02 1134576
2.02 1135752
2.02 1136944
2.02 1138144
2.02 1139336
2.02 1140512
2.02 1141704
2.02 1142904
2.02 1144096
2.02 1145272
2.02 1146464
2.02 1147664
2.02 1148856
2.02 1150032
2.02 1151224
2.02 1152424
2.02 1153616
2.02 1154792
2.02 1155984
2.02 1157184
2.02 1158376
2.02 1159552
2.02 1160744
2.02 1161944
2.02 1163136
2.02 1164324
2.02 1165504
2.02 1166704
2.02 1167896
2.02 1169072
2.02 1170264
2.02 1171468
2.02 1172656
2.02 1173832
2.02 1176224
2.02 1177416
2.02 1178592
2.02 1179784
2.02 1180984
2.02 1182176
2.02 1183352
2.02 1184544
2.02 1185744
2.02 1186936
2.02 1188112
2.02 1189304
2.02 1190504
2.02 1191696
2.02 1192872
2.02 1194064
2.02 1195264
2.02 1196456
2.02 1197632
2.02 1198824
2.02 1200024
2.02 1201216
2.02 1202392
2.02 1203584
2.02 1204784
2.02 1205976
2.02 1207152
2.02 1208356
2.02 1209544
2.02 1210736
2.02 1211912
2.02 1213104
2.02 1214304
2.02 1215500
2.02 1216688
2.02 1217864
2.02 1219064
2.02 1220256
2.02 1221432
2.02 1222624
2.02 1223824
2.02 1225016
2.02 1226192
2.02 1227384
2.02 1228584
2.02 1229776
2.02 1230952
2.02 1232144
2.02 1233344
2.02 1234536
2.02 1235712
2.02 1236904
2.02 1238104
2.02 1239296
2.02 1240472
2.02 1241664
2.02 1242864
2.02 1244056
2.02 1245244
2.02 1246424
2.02 1247624
2.02 1248816
2.02 1249992
2.02 1251184
2.02 1252388
2.02 1253576
2.02 1254752
2.02 1255944
2.02 1257144
2.02 1258336
2.02 1259512
2.02 1260720
2.02 1261904
2.02 1263096
2.02 1264272
2.02 1265464
2.02 1266664
2.02 1267856
2.02 1269032
2.02 1270224
2.02 1271424
2.02 1272616
2.02 1273792
2.02 1274984
2.02 1276184
2.02 1278552
2.02 1279744
2.02 1280944
2.02 1282136
2.02 1283312
2.02 1284504
2.02 1285704
2.02 1286896
2.02 1288072
2.02 1289276
2.02 1290464
2.02 1291656
2.02 1292832
2.02 1294024
2.02 1295224
2.02 1296420
2.02 1297592
2.02 1298784
2.02 1299984
2.02 1301176
2.02 1302352
2.02 1303544
2.02 1304752
2.02 1305936
2.02 1307112
2.02 1308304
2.02 1309504
2.02 1310696
2.02 1311872
2.02 1313064
2.02 1314264
2.02 1315456
2.02 1316632
2.02 1317824
2.02 1319024
2.02 1320216
2.02 1321392
2.02 1322584
2.02 1323784
2.02 1324976
2.02 1326152
2.02 1327344
2.02 1328544
2.02 1329736
2.02 1330912
2.02 1332104
2.02 1333308
2.02 1334496
2.02 1335672
2.02 1336864
2.02 1338064
2.02 1339256
2.02 1340444
2.02 1341624
2.02 1342824
2.02 1344016
2.02 1345192
2.02 1346384
2.02 1347588
2.02 1348784
2.02 1349952
2.02 1351144
2.02 1352344
2.02 1353536
2.02 1354712
2.02 1355904
2.02 1357104
2.02 1358296
2.02 1359472
2.02 1360664
2.02 1361864
2.02 1363056
2.02 1364232
2.02 1365424
2.02 1366624
2.02 1367816
2.02 1368992
2.02 1370184
2.02 1371384
2.02 1372576
2.02 1373752
2.02 1376144
2.02 1377340
2.02 1378512
2.02 1379704
2.02 1380904
2.02 1382096
2.02 1383272
2.02 1384476
2.02 1385664
2.02 1386856
2.02 1388032
2.02 1389224
2.02 1390424
2.02 1391616
2.02 1392808
2.02 1393984
2.02 1395184
2.02 1396376
2.02 1397552
2.02 1398744
2.02 1399944
2.02 1401136
2.02 1402312
2.02 1403504
2.02 1404704
2.02 1405896
2.02 1407072
2.02 1408264
2.02 1409464
2.02 1410656
2.02 1411832
2.02 1413024
2.02 1414224
2.02 1415416
2.02 1416592
2.02 1417784
2.02 1418984
2.02 1420176
2.02 1421364
2.02 1422544
2.02 1423744
2.02 1424936
2.02 1426112
2.02 1427304
2.02 1428508
2.02 1429696
2.02 1430872
2.02 1432064
2.02 1433264
2.02 1434456
2.02 1435632
2.02 1436824
2.02 1438024
2.02 1439216
2.02 1440392
2.02 1441584
2.02 1442784
2.02 1443976
2.02 1445152
2.02 1446344
2.02 1447544
2.02 1448736
2.02 1449912
2.02 1451104
2.02 1452304
2.02 1453496
2.02 1454672
2.02 1455864
2.02 1457064
2.02 1458256
2.02 1459432
2.02 1460624
2.02 1461824
2.02 1463016
2.02 1464192
2.02 1465396
2.02 1466584
2.02 1467776
2.02 1468952
2.02 1470144
2.02 1471344
2.02 1472540
2.02 1473712
2.02 1474904
2.02 1476104
2.02 1478472
2.02 1479664
2.02 1480864
2.02 1482056
2.02 1483232
2.02 1484424
2.02 1485624
2.02 1486816
2.02 1487992
2.02 1489184
2.02 1490384
2.02 1491576
2.02 1492752
2.02 1493944
2.02 1495144
2.02 1496336
2.02 1497512
2.02 1498704
2.02 1499904
2.02 1501096
2.02 1502272
2.02 1503464
2.02 1504664
2.02 1505856
2.02 1507032
2.02 1508224
2.02 1509428
2.02 1510616
2.02 1511792
2.02 1512984
2.02 1514184
2.02 1515376
2.02 1516564
2.02 1517744
2.02 1518944
2.02 1520136
2.02 1521312
2.02 1522504
2.02 1523704
2.02 1524896
2.02 1526072
2.02 1527264
2.02 1528464
2.02 1529656
2.02 1530832
2.02 1532024
2.02 1533224
2.02 1534416
2.02 1535592
2.02 1536784
2.02 1537984
2.02 1539176
2.02 1540352
2.02 1541544
2.02 1542744
2.02 1543936
2.02 1545112
2.02 1546304
2.02 1547504
2.02 1548696
2.02 1549872
2.02 1551064
2.02 1552264
2.02 1553460
2.02 1554632
2.02 1555824
2.02 1557024
2.02 1558216
2.02 1559392
2.02 1560596
2.02 1561784
2.02 1562976
2.02 1564152
2.02 1565344
2.02 1566544
2.02 1567736
2.02 1568912
2.02 1570104
2.02 1571304
2.02 1572496
2.02 1573672
2.02 1574864
2.02 1577256
2.02 1578432
2.02 1579624
2.02 1580824
2.02 1582016
2.02 1583192
2.02 1584384
2.02 1585584
2.02 1586776
2.02 1587952
2.02 1589144
2.02 1590344
2.02 1591536
2.02 1592712
2.02 1593904
2.02 1595104
2.02 1596296
2.02 1597484
2.02 1598664
2.02 1599864
2.02 1601056
2.02 1602232
2.02 1603424
2.02 1604628
2.02 1605816
2.02 1606992
2.02 1608184
2.02 1609384
2.02 1610576
2.02 1611752
2.02 1612944
2.02 1614144
2.02 1615336
2.02 1616512
2.02 1617704
2.02 1618904
2.02 1620096
2.02 1621272
2.02 1622464
2.02 1623664
2.02 1624856
2.02 1626032
2.02 1627224
2.02 1628424
2.02 1629616
2.02 1630792
2.02 1631984
2.02 1633184
2.02 1634376
2.02 1635552
2.02 1636744
2.02 1637944
2.02 1639136
2.02 1640312
2.02 1641516
2.02 1642704
2.02 1643896
2.02 1645072
2.02 1646264
2.02 1647464
2.02 1648660
2.02 1649848
2.02 1651024
2.02 1652224
2.02 1653416
2.02 1654592
2.02 1655784
2.02 1656984
2.02 1658176
2.02 1659352
2.02 1660544
2.02 1661744
2.02 1662936
2.02 1664112
2.02 1665304
2.02 1666504
2.02 1667696
2.02 1668872
2.02 1670064
2.02 1671264
2.02 1672456
2.02 1673632
2.02 1674824
2.02 1676024
2.02 1677216
2.02 1679584
2.02 1680784
2.02 1681976
2.02 1683152
2.02 1684344
2.02 1685548
2.02 1686736
2.02 1687912
2.02 1689104
2.02 1690304
2.02 1691496
2.02 1692672
2.02 1693880
2.02 1695064
2.02 1696256
2.02 1697432
2.02 1698624
2.02 1699824
2.02 1701016
2.02 1702192
2.02 1703384
2.02 1704584
2.02 1705776
2.02 1706952
2.02 1708144
2.02 1709344
2.02 1710536
2.02 1711712
2.02 1712904
2.02 1714104
2.02 1715296
2.02 1716472
2.02 1717664
2.02 1718864
2.02 1720056
2.02 1721232
2.02 1722424
2.02 1723624
2.02 1724816
2.02 1725992
2.02 1727184
2.02 1728384
2.02 1729580
2.02 1730752
2.02 1731944
2.02 1733144
2.02 1734336
2.02 1735512
2.02 1736704
2.02 1737912
2.02 1739096
2.02 1740272
2.02 1741464
2.02 1742664
2.02 1743856
2.02 1745032
2.02 1746224
2.02 1747424
2.02 1748616
2.02 1749792
2.02 1750984
2.02 1752184
2.02 1753376
2.02 1754552
2.02 1755744
2.02 1756944
2.02 1758136
2.02 1759312
2.02 1760504
2.02 1761704
2.02 1762896
2.02 1764072
2.02 1765264
2.02 1766464
2.02 1767656
2.02 1768832
2.02 1770024
2.02 1771224
2.02 1772416
2.02 1773604
2.02 1774784
2.02 1775984
2.02 1777176
2.02 1778352
2.02 1779544
2.02 1780748
2.02 1781936
2.02 1783112
2.02 1785504
2.02 1786696
2.02 1787872
2.02 1789064
2.02 1790264
2.02 1791456
2.02 1792632
2.02 1793824
2.02 1795024
2.02 1796216
2.02 1797392
2.02 1798584
2.02 1799784
2.02 1800976
2.02 1802152
2.02 1803344
2.02 1804544
2.02 1805736
2.02 1806912
2.02 1808104
2.02 1809304
2.02 1810496
2.02 1811672
2.02 1812864
2.02 1814064
2.02 1815256
2.02 1816432
2.02 1817636
2.02 1818824
2.02 1820016
2.02 1821192
2.02 1822384
2.02 1823584
2.02 1824780
2.02 1825968
2.02 1827144
2.02 1828344
2.02 1829536
2.02 1830712
2.02 1831904
2.02 1833104
2.02 1834296
2.02 1835472
2.02 1836664
2.02 1837864
2.02 1839056
2.02 1840232
2.02 1841424
2.02 1842624
2.02 1843816
2.02 1844992
2.02 1846184
2.02 1847384
2.02 1848576
2.02 1849752
2.02 1850944
2.02 1852144
2.02 1853336
2.02 1854524
2.02 1855704
2.02 1856904
2.02 1858096
2.02 1859272
2.02 1860464
2.02 1861668
2.02 1862856
2.02 1864032
2.02 1865224
2.02 1866424
2.02 1867616
2.02 1868792
2.02 1870000
2.02 1871184
2.02 1872376
2.02 1873552
2.02 1874744
2.02 1875944
2.02 1877136
2.02 1878312
2.02 1879504
2.02 1880704
2.02 1881896
2.02 1883072
2.02 1884264
2.02 1885464
2.02 1887832
2.02 1889024
2.02 1890224
2.02 1891416
2.02 1892592
2.02 1893784
2.02 1894984
2.02 1896176
2.02 1897352
2.02 1898556
2.02 1899744
2.02 1900936
2.02 1902112
2.02 1903304
2.02 1904504
2.02 1905700
2.02 1906872
2.02 1908064
2.02 1909264
2.02 1910456
2.02 1911632
2.02 1912824
2.02 1914032
2.02 1915216
2.02 1916392
2.02 1917584
2.02 1918784
2.02 1919976
2.02 1921152
2.02 1922344
2.02 1923544
2.02 1924736
2.02 1925912
2.02 1927104
2.02 1928304
2.02 1929496
2.02 1930672
2.02 1931864
2.02 1933064
2.02 1934256
2.02 1935432
2.02 1936624
2.02 1937824
2.02 1939016
2.02 1940192
2.02 1941384
2.02 1942588
2.02 1943776
2.02 1944952
2.02 1946144
2.02 1947344
2.02 1948536
2.02 1949724
2.02 1950904
2.02 1952104
2.02 1953296
2.02 1954472
2.02 1955664
2.02 1956864
2.02 1958056
2.02 1959232
2.02 1960424
2.02 1961624
2.02 1962816
2.02 1963992
2.02 1965184
2.02 1966384
2.02 1967576
2.02 1968752
2.02 1969944
2.02 1971144
2.02 1972336
2.02 1973512
2.02 1974704
2.02 1975904
2.02 1977096
2.02 1978272
2.02 1979464
2.02 1980664
2.02 1981856
2.02 1983032
2.02 1984224
2.02 1986620
2.02 1987792
2.02 1988984
2.02 1990184
2.02 1991376
2.02 1992552
2.02 1993756
2.02 1994944
2.02 1996136
2.02 1997312
2.02 1998504
2.02 1999704
2.02 2000900
2.02 2002088
2.02 2003264
2.02 2004464
2.02 2005656
2.02 2006832
2.02 2008024
2.02 2009224
2.02 2010416
2.02 2011592
2.02 2012784
2.02 2013984
2.02 2015176
2.02 2016352
2.02 2017544
2.02 2018744
2.02 2019936
2.02 2021112
2.02 2022304
2.02 2023504
2.02 2024696
2.02 2025872
2.02 2027064
2.02 2028264
2.02 2029456
2.02 2030644
2.02 2031824
2.02 2033024
2.02 2034216
2.02 2035392
2.02 2036584
2.02 2037788
2.02 2038976
2.02 2040152
2.02 2041344
2.02 2042544
2.02 2043736
2.02 2044912
2.02 2046104
2.02 2047304
2.02 2048496
2.02 2049672
2.02 2050864
2.02 2052064
2.02 2053256
2.02 2054432
2.02 2055624
2.02 2056824
2.02 2058016
2.02 2059192
2.02 2060384
2.02 2061584
2.02 2062776
2.02 2063952
2.02 2065144
2.02 2066344
2.02 2067536
2.02 2068712
2.02 2069904
2.02 2071104
2.02 2072296
2.02 2073472
2.02 2074676
2.02 2075864
2.02 2077056
2.02 2078232
2.02 2079424
2.02 2080624
2.02 2081820
2.02 2082992
2.02 2084184
2.02 2085384
2.02 2086576
2.02 2088944
2.02 2090144
2.02 2091336
2.02 2092512
2.02 2093704
2.02 2094904
2.02 2096096
2.02 2097272
2.02 2098464
2.02 2099664
2.02 2100856
2.02 2102032
2.02 2103224
2.02 2104424
2.02 2105616
2.02 2106792
2.02 2107984
2.02 2109184
2.02 2110376
2.02 2111552
2.02 2112744
2.02 2113944
2.02 2115136
2.02 2116312
2.02 2117504
2.02 2118708
2.02 2119896
2.02 2121072
2.02 2122264
2.02 2123464
2.02 2124656
2.02 2125844
2.02 2127024
2.02 2128224
2.02 2129416
2.02 2130592
2.02 2131784
2.02 2132984
2.02 2134176
2.02 2135352
2.02 2136544
2.02 2137744
2.02 2138936
2.02 2140112
2.02 2141304
2.02 2142504
2.02 2143696
2.02 2144872
2.02 2146064
2.02 2147264
2.02 2148456
2.02 2149632
2.02 2150824
2.02 2152024
2.02 2153216
2.02 2154392
2.02 2155584
2.02 2156784
2.02 2157976
2.02 2159152
2.02 2160344
2.02 2161544
2.02 2162740
2.02 2163912
2.02 2165104
2.02 2166304
2.02 2167496
2.02 2168672
2.02 2169876
2.02 2171064
2.02 2172256
2.02 2173432
2.02 2174624
2.02 2175824
2.02 2177016
2.02 2178192
2.02 2179384
2.02 2180584
2.02 2181776
2.02 2182952
2.02 2184144
2.02 2185344
2.02 2186536
2.02 2187712
2.02 2188904
2.02 2191296
2.02 2192472
2.02 2193664
2.02 2194864
2.02 2196056
2.02 2197232
2.02 2198424
2.02 2199624
2.02 2200816
2.02 2201992
2.02 2203184
2.02 2204384
2.02 2205576
2.02 2206764
2.02 2207944
2.02 2209144
2.02 2210336
2.02 2211512
2.02 2212704
2.02 2213908
2.02 2215096
2.02 2216272
2.02 2217464
2.02 2218664
2.02 2219856
2.02 2221032
2.02 2222224
2.02 2223424
2.02 2224616
2.02 2225792
2.02 2226984
2.02 2228184
2.02 2229376
2.02 2230552
2.02 2231744
2.02 2232944
2.02 2234136
2.02 2235312
2.02 2236504
2.02 2237704
2.02 2238896
2.02 2240072
2.02 2241264
2.02 2242464
2.02 2243656
2.02 2244832
2.02 2246024
2.02 2247224
2.02 2248416
2.02 2249592
2.02 2250796
2.02 2251984
2.02 2253176
2.02 2254352
2.02 2255544
2.02 2256744
2.02 2257940
2.02 2259128
2.02 2260304
2.02 2261504
2.02 2262696
2.02 2263872
2.02 2265064
2.02 2266264
2.02 2267456
2.02 2268632
2.02 2269824
2.02 2271024
2.02 2272216
2.02 2273392
2.02 2274584
2.02 2275784
2.02 2276976
2.02 2278152
2.02 2279344
2.02 2280544
2.02 2281736
2.02 2282912
2.02 2284104
2.02 2285304
2.02 2286496
2.02 2288864
2.02 2290064
2.02 2291256
2.02 2292432
2.02 2293624
2.02 2294828
2.02 2296016
2.02 2297192
2.02 2298384
2.02 2299584
2.02 2300776
2.02 2301952
2.02 2303160
2.02 2304344
2.02 2305536
2.02 2306712
2.02 2307904
2.02 2309104
2.02 2310296
2.02 2311472
2.02 2312664
2.02 2313864
2.02 2315056
2.02 2316232
2.02 2317424
2.02 2318624
2.02 2319816
2.02 2320992
2.02 2322184
2.02 2323384
2.02 2324576
2.02 2325752
2.02 2326944
2.02 2328144
2.02 2329336
2.02 2330512
2.02 2331704
2.02 2332904
2.02 2334096
2.02 2335272
2.02 2336464
2.02 2337664
2.02 2338860
2.02 2340032
2.02 2341224
2.02 2342424
2.02 2343616
2.02 2344792
2.02 2345984
2.02 2347192
2.02 2348376
2.02 2349552
2.02 2350744
2.02 2351944
2.02 2353136
2.02 2354312
2.02 2355504
2.02 2356704
2.02 2357896
2.02 2359072
2.02 2360264
2.02 2361464
2.02 2362656
2.02 2363832
2.02 2365024
2.02 2366224
2.02 2367416
2.02 2368592
2.02 2369784
2.02 2370984
2.02 2372176
2.02 2373352
2.02 2374544
2.02 2375744
2.02 2376936
2.02 2378112
2.02 2379304
2.02 2380504
2.02 2381696
2.02 2382884
2.02 2384064
2.02 2385264
2.02 2386456
2.02 2387632
2.02 2388824
2.02 2391224
2.02 2392392
2.02 2393584
2.02 2394784
2.02 2395976
2.02 2397152
2.02 2398344
2.02 2399544
2.02 2400736
2.02 2401912
2.02 2403104
2.02 2404304
2.02 2405496
2.02 2406672
2.02 2407864
2.02 2409064
2.02 2410256
2.02 2411432
2.02 2412624
2.02 2413824
2.02 2415016
2.02 2416192
2.02 2417384
2.02 2418584
2.02 2419776
2.02 2420952
2.02 2422144
2.02 2423344
2.02 2424536
2.02 2425712
2.02 2426916
2.02 2428104
2.02 2429296
2.02 2430472
2.02 2431664
2.02 2432864
2.02 2434060
2.02 2435248
2.02 2436424
2.02 2437624
2.02 2438816
2.02 2439992
2.02 2441184
2.02 2442384
2.02 2443576
2.02 2444752
2.02 2445944
2.02 2447144
2.02 2448336
2.02 2449512
2.02 2450704
2.02 2451904
2.02 2453096
2.02 2454272
2.02 2455464
2.02 2456664
2.02 2457856
2.02 2459032
2.02 2460224
2.02 2461424
2.02 2462616
2.02 2463804
2.02 2464984
2.02 2466184
2.02 2467376
2.02 2468552
2.02 2469744
2.02 2470948
2.02 2472136
2.02 2473312
2.02 2474504
2.02 2475704
2.02 2476896
2.02 2478072
2.02 2479280
2.02 2480464
2.02 2481656
2.02 2482832
2.02 2484024
2.02 2485224
2.02 2486416
2.02 2487592
2.02 2488784
2.02 2489984
2.02 2491176
2.02 2493544
2.02 2494744
2.02 2495936
2.02 2497112
2.02 2498304
2.02 2499504
2.02 2500696
2.02 2501872
2.02 2503064
2.02 2504264
2.02 2505456
2.02 2506632
2.02 2507836
2.02 2509024
2.02 2510216
2.02 2511392
2.02 2512584
2.02 2513784
2.02 2514980
2.02 2516152
2.02 2517344
2.02 2518544
2.02 2519736
2.02 2520912
2.02 2522104
2.02 2523312
2.02 2524496
2.02 2525672
2.02 2526864
2.02 2528064
2.02 2529256
2.02 2530432
2.02 2531624
2.02 2532824
2.02 2534016
2.02 2535192
2.02 2536384
2.02 2537584
2.02 2538776
2.02 2539952
2.02 2541144
2.02 2542344
2.02 2543536
2.02 2544712
2.02 2545904
2.02 2547104
2.02 2548296
2.02 2549472
2.02 2550664
2.02 2551868
2.02 2553056
2.02 2554232
2.02 2555424
2.02 2556624
2.02 2557816
2.02 2559004
2.02 2560184
2.02 2561384
2.02 2562576
2.02 2563752
2.02 2564944
2.02 2566144
2.02 2567344
2.02 2568512
2.02 2569704
2.02 2570904
2.02 2572096
2.02 2573272
2.02 2574464
2.02 2575664
2.02 2576856
2.02 2578032
2.02 2579224
2.02 2580424
2.02 2581616
2.02 2582792
2.02 2583984
2.02 2585184
2.02 2586376
2.02 2587552
2.02 2588744
2.02 2589944
2.02 2592312
2.02 2593504
2.02 2594704
2.02 2595900
2.02 2597072
2.02 2598264
2.02 2599464
2.02 2600656
2.02 2601832
2.02 2603036
2.02 2604224
2.02 2605416
2.02 2606592
2.02 2607784
2.02 2608984
2.02 2610176
2.02 2611368
2.02 2612544
2.02 2613744
2.02 2614936
2.02 2616112
2.02 2617304
2.02 2618504
2.02 2619696
2.02 2620872
2.02 2622064
2.02 2623264
2.02 2624456
2.02 2625632
2.02 2626824
2.02 2628024
2.02 2629216
2.02 2630392
2.02 2631584
2.02 2632784
2.02 2633976
2.02 2635152
2.02 2636344
2.02 2637544
2.02 2638736
2.02 2639924
2.02 2641104
2.02 2642304
2.02 2643496
2.02 2644672
2.02 2645864
2.02 2647068
2.02 2648256
2.02 2649432
2.02 2650624
2.02 2651824
2.02 2653016
2.02 2654192
2.02 2655384
2.02 2656584
2.02 2657776
2.02 2658952
2.02 2660144
2.02 2661344
2.02 2662536
2.02 2663712
2.02 2664904
2.02 2666104
2.02 2667296
2.02 2668472
2.02 2669664
2.02 2670864
2.02 2672056
2.02 2673232
2.02 2674424
2.02 2675624
2.02 2676816
2.02 2677992
2.02 2679184
2.02 2680384
2.02 2681576
2.02 2682752
2.02 2683956
2.02 2685144
2.02 2686336
2.02 2687512
2.02 2688704
2.02 2689904
2.02 2691100
2.02 2692272
2.02 2694664
2.02 2695856
2.02 2697032
2.02 2698224
2.02 2699424
2.02 2700616
2.02 2701792
2.02 2702984
2.02 2704184
2.02 2705376
2.02 2706552
2.02 2707744
2.02 2708944
2.02 2710136
2.02 2711312
2.02 2712504
2.02 2713704
2.02 2714896
2.02 2716072
2.02 2717264
2.02 2718464
2.02 2719656
2.02 2720832
2.02 2722024
2.02 2723224
2.02 2724416
2.02 2725592
2.02 2726784
2.02 2727988
2.02 2729176
2.02 2730352
2.02 2731544
2.02 2732744
2.02 2733936
2.02 2735124
2.02 2736304
2.02 2737504
2.02 2738696
2.02 2739872
2.02 2741064
2.02 2742264
2.02 2743456
2.02 2744632
2.02 2745824
2.02 2747024
2.02 2748216
2.02 2749392
2.02 2750584
2.02 2751784
2.02 2752976
2.02 2754152
2.02 2755344
2.02 2756544
2.02 2757736
2.02 2758912
2.02 2760104
2.02 2761304
2.02 2762496
2.02 2763672
2.02 2764864
2.02 2766064
2.02 2767256
2.02 2768432
2.02 2769624
2.02 2770824
2.02 2772020
2.02 2773192
2.02 2774384
2.02 2775584
2.02 2776776
2.02 2777952
2.02 2779156
2.02 2780344
2.02 2781536
2.02 2782712
2.02 2783904
2.02 2785104
2.02 2786296
2.02 2787472
2.02 2788664
2.02 2789864
2.02 2791056
2.02 2792232
2.02 2793424
2.02 2794624
2.02 2796992
2.02 2798184
2.02 2799384
2.02 2800576
2.02 2801752
2.02 2802944
2.02 2804144
2.02 2805336
2.02 2806512
2.02 2807704
2.02 2808904
2.02 2810096
2.02 2811272
2.02 2812464
2.02 2813664
2.02 2814856
2.02 2816044
2.02 2817224
2.02 2818424
2.02 2819616
2.02 2820792
2.02 2821984
2.02 2823188
2.02 2824376
2.02 2825552
2.02 2826744
2.02 2827944
2.02 2829136
2.02 2830312
2.02 2831504
2.02 2832704
2.02 2833896
2.02 2835072
2.02 2836264
2.02 2837464
2.02 2838656
2.02 2839832
2.02 2841024
2.02 2842224
2.02 2843416
2.02 2844592
2.02 2845784
2.02 2846984
2.02 2848176
2.02 2849352
2.02 2850544
2.02 2851744
2.02 2852936
2.02 2854112
2.02 2855304
2.02 2856504
2.02 2857696
2.02 2858872
2.02 2860076
2.02 2861264
2.02 2862456
2.02 2863632
2.02 2864824
2.02 2866024
2.02 2867220
2.02 2868408
2.02 2869584
2.02 2870784
2.02 2871976
2.02 2873152
2.02 2874344
2.02 2875544
2.02 2876736
2.02 2877912
2.02 2879104
2.02 2880304
2.02 2881496
2.02 2882672
2.02 2883864
2.02 2885064
2.02 2886256
2.02 2887432
2.02 2888624
2.02 2889824
2.02 2891016
2.02 2892192
2.02 2895776
2.02 2896952
2.02 2898144
2.02 2899344
2.02 2900536
2.02 2901712
2.02 2902904
2.02 2904108
2.02 2905296
2.02 2906472
2.02 2907664
2.02 2908864
2.02 2910056
2.02 2911232
2.02 2912440
2.02 2913624
2.02 2914816
2.02 2915992
2.02 2917184
2.02 2918384
2.02 2919576
2.02 2920752
2.02 2921944
2.02 2923144
2.02 2924336
2.02 2925512
2.02 2926704
2.02 2927904
2.02 2929096
2.02 2930272
2.02 2931464
2.02 2932664
2.02 2933856
2.02 2935032
2.02 2936224
2.02 2937424
2.02 2938616
2.02 2939792
2.02 2940984
2.02 2942184
2.02 2943376
2.02 2944552
2.02 2945744
2.02 2946944
2.02 2948140
2.02 2949312
2.02 2950504
2.02 2951704
2.02 2952896
2.02 2954072
2.02 2955264
2.02 2956472
2.02 2957656
2.02 2958832
2.02 2960024
2.02 2961224
2.02 2962416
2.02 2963592
2.02 2964784
2.02 2965984
2.02 2967176
2.02 2968352
2.02 2969544
2.02 2970744
2.02 2971936
2.02 2973112
2.02 2974304
2.02 2975504
2.02 2976696
2.02 2977872
2.02 2979064
2.02 2980264
2.02 2981456
2.02 2982632
2.02 2983824
2.02 2985024
2.02 2986216
2.02 2987392
2.02 2988584
2.02 2989784
2.02 2990976
2.02 2992164
2.02 2993344
2.02 2994544
2.02 2995736
2.02 2996912
2.02 2998104
2.02 2999308
2.02 3001672
2.02 3002864
2.02 3004064
2.02 3005256
2.02 3006432
2.02 3007624
2.02 3008824
2.02 3010016
2.02 3011192
2.02 3012384
2.02 3013584
2.02 3014776
2.02 3015952
2.02 3017144
2.02 3018344
2.02 3019536
2.02 3020712
2.02 3021904
2.02 3023104
2.02 3024296
2.02 3025472
2.02 3026664
2.02 3027864
2.02 3029056
2.02 3030232
2.02 3031424
2.02 3032624
2.02 3033816
2.02 3034992
2.02 3036196
2.02 3037384
2.02 3038576
2.02 3039752
2.02 3040944
2.02 3042144
2.02 3043340
2.02 3044528
2.02 3045704
2.02 3046904
2.02 3048096
2.02 3049272
2.02 3050464
2.02 3051664
2.02 3052856
2.02 3054032
2.02 3055224
2.02 3056424
2.02 3057616
2.02 3058792
2.02 3059984
2.02 3061184
2.02 3062376
2.02 3063552
2.02 3064744
2.02 3065944
2.02 3067136
2.02 3068312
2.02 3069504
2.02 3070704
2.02 3071896
2.02 3073084
2.02 3074264
2.02 3075464
2.02 3076656
2.02 3077832
2.02 3079024
2.02 3080228
2.02 3081416
2.02 3082592
2.02 3083784
2.02 3084984
2.02 3086176
2.02 3087352
2.02 3088560
2.02 3089744
2.02 3090936
2.02 3092112
2.02 3093304
2.02 3094504
2.02 3095696
2.02 3096872
2.02 3098064
2.02 3099264
2.02 3100456
2.02 3101632
2.02 3104024
2.02 3105216
2.02 3106392
2.02 3107584
2.02 3108784
2.02 3109976
2.02 3111152
2.02 3112344
2.02 3113544
2.02 3114736
2.02 3115912
2.02 3117116
2.02 3118304
2.02 3119496
2.02 3120672
2.02 3121864
2.02 3123064
2.02 3124260
2.02 3125432
2.02 3126624
2.02 3127824
2.02 3129016
2.02 3130192
2.02 3131384
2.02 3132592
2.02 3133776
2.02 3134952
2.02 3136144
2.02 3137344
2.02 3138536
2.02 3139712
2.02 3140904
2.02 3142104
2.02 3143296
2.02 3144472
2.02 3145664
2.02 3146864
2.02 3148056
2.02 3149232
2.02 3150424
2.02 3151624
2.02 3152816
2.02 3153992
2.02 3155184
2.02 3156384
2.02 3157576
2.02 3158752
2.02 3159944
2.02 3161148
2.02 3162336
2.02 3163512
2.02 3164704
2.02 3165904
2.02 3167096
2.02 3168284
2.02 3169464
2.02 3170664
2.02 3171856
2.02 3173032
2.02 3174224
2.02 3175424
2.02 3176624
2.02 3177792
2.02 3178984
2.02 3180184
2.02 3181376
2.02 3182552
2.02 3183744
2.02 3184944
2.02 3186136
2.02 3187312
2.02 3188504
2.02 3189704
2.02 3190896
2.02 3192072
2.02 3193264
2.02 3194464
2.02 3195656
2.02 3196832
2.02 3198024
2.02 3199224
2.02 3202784
2.02 3203984
2.02 3205180
2.02 3206352
2.02 3207544
2.02 3208744
2.02 3209936
2.02 3211112
2.02 3212316
2.02 3213504
2.02 3214696
2.02 3215872
2.02 3217064
2.02 3218264
2.02 3219456
2.02 3220648
2.02 3221824
2.02 3223024
2.02 3224216
2.02 3225392
2.02 3226584
2.02 3227784
2.02 3228976
2.02 3230152
2.02 3231344
2.02 3232544
2.02 3233736
2.02 3234912
2.02 3236104
2.02 3237304
2.02 3238496
2.02 3239672
2.02 3240864
2.02 3242064
2.02 3243256
2.02 3244432
2.02 3245624
2.02 3246824
2.02 3248016
2.02 3249204
2.02 3250384
2.02 3251584
2.02 3252776
2.02 3253952
2.02 3255144
2.02 3256348
2.02 3257536
2.02 3258712
2.02 3259904
2.02 3261104
2.02 3262296
2.02 3263472
2.02 3264664
2.02 3265864
2.02 3267056
2.02 3268232
2.02 3269424
2.02 3270624
2.02 3271816
2.02 3272992
2.02 3274184
2.02 3275384
2.02 3276576
2.02 3277752
2.02 3278944
2.02 3280144
2.02 3281336
2.02 3282512
2.02 3283704
2.02 3284904
2.02 3286096
2.02 3287272
2.02 3288464
2.02 3289664
2.02 3290856
2.02 3292032
2.02 3293236
2.02 3294424
2.02 3295616
2.02 3296792
2.02 3297984
2.02 3299184
2.02 3300380
2.02 3301552
2.02 3303944
2.02 3305136
2.02 3306312
2.02 3307504
2.02 3308704
2.02 3309896
2.02 3311072
2.02 3312264
2.02 3313464
2.02 3314656
2.02 3315832
2.02 3317024
2.02 3318224
2.02 3319416
2.02 3320592
2.02 3321784
2.02 3322984
2.02 3324176
2.02 3325352
2.02 3326544
2.02 3327744
2.02 3328936
2.02 3330112
2.02 3331304
2.02 3332504
2.02 3333696
2.02 3334872
2.02 3336064
2.02 3337268
2.02 3338456
2.02 3339632
2.02 3340824
2.02 3342024
2.02 3343216
2.02 3344404
2.02 3345584
2.02 3346784
2.02 3347976
2.02 3349152
2.02 3350344
2.02 3351544
2.02 3352736
2.02 3353912
2.02 3355104
2.02 3356304
2.02 3357496
2.02 3358672
2.02 3359864
2.02 3361064
2.02 3362256
2.02 3363432
2.02 3364624
2.02 3365824
2.02 3367016
2.02 3368192
2.02 3369384
2.02 3370584
2.02 3371776
2.02 3372952
2.02 3374144
2.02 3375344
2.02 3376536
2.02 3377712
2.02 3378904
2.02 3380104
2.02 3381300
2.02 3382472
2.02 3383664
2.02 3384864
2.02 3386056
2.02 3387232
2.02 3388436
2.02 3389624
2.02 3390816
2.02 3391992
2.02 3393184
2.02 3394384
2.02 3395576
2.02 3396752
2.02 3397944
2.02 3399144
2.02 3400336
2.02 3402704
2.02 3403904
2.02 3405096
2.02 3406272
2.02 3407464
2.02 3408664
2.02 3409856
2.02 3411032
2.02 3412224
2.02 3413424
2.02 3414616
2.02 3415792
2.02 3416984
2.02 3418184
2.02 3419376
2.02 3420552
2.02 3421744
2.02 3422944
2.02 3424136
2.02 3425324
2.02 3426504
2.02 3427704
2.02 3428896
2.02 3430072
2.02 3431264
2.02 3432468
2.02 3433656
2.02 3434832
2.02 3436024
2.02 3437224
2.02 3438416
2.02 3439592
2.02 3440784
2.02 3441984
2.02 3443176
2.02 3444352
2.02 3445544
2.02 3446744
2.02 3447936
2.02 3449112
2.02 3450304
2.02 3451504
2.02 3452696
2.02 3453872
2.02 3455064
2.02 3456264
2.02 3457456
2.02 3458632
2.02 3459824
2.02 3461024
2.02 3462216
2.02 3463392
2.02 3464584
2.02 3465784
2.02 3466976
2.02 3468152
2.02 3469356
2.02 3470544
2.02 3471736
2.02 3472912
2.02 3474104
2.02 3475304
2.02 3476500
2.02 3477688
2.02 3478864
2.02 3480064
2.02 3481256
2.02 3482432
2.02 3483624
2.02 3484824
2.02 3486016
2.02 3487192
2.02 3488384
2.02 3489584
2.02 3490776
2.02 3491952
2.02 3493144
2.02 3494344
2.02 3495536
2.02 3496712
2.02 3497904
2.02 3499104
2.02 3500296
2.02 3501472
2.02 3502664
2.02 3503864
2.02 3505056
2.02 3506232
2.02 3507424
2.02 3508624
2.02 3509816
2.02 3510992
2.02 3513388
2.02 3514576
2.02 3515752
2.02 3516944
2.02 3518144
2.02 3519336
2.02 3520512
2.02 3521720
2.02 3522904
2.02 3524096
2.02 3525272
2.02 3526464
2.02 3527664
2.02 3528856
2.02 3530032
2.02 3531224
2.02 3532424
2.02 3533616
2.02 3534792
2.02 3535984
2.02 3537184
2.02 3538376
2.02 3539552
2.02 3540744
2.02 3541944
2.02 3543136
2.02 3544312
2.02 3545504
2.02 3546704
2.02 3547896
2.02 3549072
2.02 3550264
2.02 3551464
2.02 3552656
2.02 3553832
2.02 3555024
2.02 3556224
2.02 3557420
2.02 3558592
2.02 3559784
2.02 3560984
2.02 3562176
2.02 3563352
2.02 3564544
2.02 3565752
2.02 3566936
2.02 3568112
2.02 3569304
2.02 3570504
2.02 3571696
2.02 3572872
2.02 3574064
2.02 3575264
2.02 3576456
2.02 3577632
2.02 3578824
2.02 3580024
2.02 3581216
2.02 3582392
2.02 3583584
2.02 3584784
2.02 3585976
2.02 3587152
2.02 3588344
2.02 3589544
2.02 3590736
2.02 3591912
2.02 3593104
2.02 3594304
2.02 3595496
2.02 3596672
2.02 3597864
2.02 3599064
2.02 3600256
2.02 3601444
2.02 3602624
2.02 3603824
2.02 3605016
2.02 3606192
2.02 3607384
2.02 3608588
2.02 3610952
2.02 3612144
2.02 3613344
2.02 3614536
2.02 3615712
2.02 3616904
2.02 3618104
2.02 3619296
2.02 3620472
2.02 3621664
2.02 3622864
2.02 3624056
2.02 3625232
2.02 3626424
2.02 3627624
2.02 3628816
2.02 3629992
2.02 3631184
2.02 3632384
2.02 3633576
2.02 3634752
2.02 3635944
2.02 3637144
2.02 3638336
2.02 3639512
2.02 3640704
2.02 3641904
2.02 3643096
2.02 3644272
2.02 3645476
2.02 3646664
2.02 3647856
2.02 3649032
2.02 3650224
2.02 3651424
2.02 3652620
2.02 3653808
2.02 3654984
2.02 3656184
2.02 3657376
2.02 3658552
2.02 3659744
2.02 3660944
2.02 3662136
2.02 3663312
2.02 3664504
2.02 3665704
2.02 3666896
2.02 3668072
2.02 3669264
2.02 3670464
2.02 3671656
2.02 3672832
2.02 3674024
2.02 3675224
2.02 3676416
2.02 3677592
2.02 3678784
2.02 3679984
2.02 3681176
2.02 3682364
2.02 3683544
2.02 3684744
2.02 3685936
2.02 3687112
2.02 3688304
2.02 3689508
2.02 3690696
2.02 3691872
2.02 3693064
2.02 3694264
2.02 3695456
2.02 3696632
2.02 3697840
2.02 3699024
2.02 3700216
2.02 3701392
2.02 3702584
2.02 3703784
2.02 3704976
2.02 3706152
2.02 3707344
2.02 3708544
2.02 3709736
2.02 3710912
2.02 3713304
2.02 3714496
2.02 3715672
2.02 3716864
2.02 3718064
2.02 3719256
2.02 3720432
2.02 3721624
2.02 3722824
2.02 3724016
2.02 3725192
2.02 3726396
2.02 3727584
2.02 3728776
2.02 3729952
2.02 3731144
2.02 3732344
2.02 3733540
2.02 3734712
2.02 3735904
2.02 3737104
2.02 3738296
2.02 3739472
2.02 3740664
2.02 3741872
2.02 3743056
2.02 3744232
2.02 3745424
2.02 3746624
2.02 3747816
2.02 3748992
2.02 3750184
2.02 3751384
2.02 3752576
2.02 3753752
2.02 3754944
2.02 3756144
2.02 3757336
2.02 3758512
2.02 3759704
2.02 3760904
2.02 3762096
2.02 3763272
2.02 3764464
2.02 3765664
2.02 3766856
2.02 3768032
2.02 3769224
2.02 3770428
2.02 3771616
2.02 3772792
2.02 3773984
2.02 3775184
2.02 3776376
2.02 3777564
2.02 3778744
2.02 3779944
2.02 3781136
2.02 3782312
2.02 3783504
2.02 3784708
2.02 3785904
2.02 3787072
2.02 3788264
2.02 3789464
2.02 3790656
2.02 3791832
2.02 3793024
2.02 3794224
2.02 3795416
2.02 3796592
2.02 3797784
2.02 3798984
2.02 3800176
2.02 3801352
2.02 3802544
2.02 3803744
2.02 3804936
2.02 3806112
2.02 3807304
2.02 3808504
2.02 3809696
2.02 3812064
2.02 3813264
2.02 3814460
2.02 3815632
2.02 3816824
2.02 3818024
2.02 3819216
2.02 3820392
2.02 3821596
2.02 3822784
2.02 3823976
2.02 3825152
2.02 3826344
2.02 3827544
2.02 3828736
2.02 3829928
2.02 3831104
2.02 3832304
2.02 3833496
2.02 3834672
2.02 3835864
2.02 3837064
2.02 3838256
2.02 3839432
2.02 3840624
2.02 3841824
2.02 3843016
2.02 3844192
2.02 3845384
2.02 3846584
2.02 3847776
2.02 3848952
2.02 3850144
2.02 3851344
2.02 3852536
2.02 3853712
2.02 3854904
2.02 3856104
2.02 3857296
2.02 3858484
2.02 3859664
2.02 3860864
2.02 3862056
2.02 3863232
2.02 3864424
2.02 3865628
2.02 3866816
2.02 3867992
2.02 3869184
2.02 3870384
2.02 3871576
2.02 3872752
2.02 3873944
2.02 3875144
2.02 3876336
2.02 3877512
2.02 3878704
2.02 3879904
2.02 3881096
2.02 3882272
2.02 3883464
2.02 3884664
2.02 3885856
2.02 3887032
2.02 3888224
2.02 3889424
2.02 3890616
2.02 3891792
2.02 3892984
2.02 3894184
2.02 3895376
2.02 3896552
2.02 3897744
2.02 3898944
2.02 3900136
2.02 3901312
2.02 3902516
2.02 3903704
2.02 3904896
2.02 3906072
2.02 3907264
2.02 3908464
2.02 3909660
2.02 3910832
2.02 3912024
2.02 3914416
2.02 3915592
2.02 3916784
2.02 3917984
2.02 3919176
2.02 3920352
2.02 3921544
2.02 3922744
2.02 3923936
2.02 3925112
2.02 3926304
2.02 3927504
2.02 3928696
2.02 3929872
2.02 3931064
2.02 3932264
2.02 3933456
2.02 3934632
2.02 3935824
2.02 3937024
2.02 3938216
2.02 3939392
2.02 3940584
2.02 3941784
2.02 3942976
2.02 3944152
2.02 3945344
2.02 3946548
2.02 3947736
2.02 3948912
2.02 3950104
2.02 3951304
2.02 3952496
2.02 3953684
2.02 3954864
2.02 3956064
2.02 3957256
2.02 3958432
2.02 3959624
2.02 3960824
2.02 3962016
2.02 3963192
2.02 3964384
2.02 3965584
2.02 3966776
2.02 3967952
2.02 3969144
2.02 3970344
2.02 3971536
2.02 3972712
2.02 3973904
2.02 3975104
2.02 3976296
2.02 3977472
2.02 3978664
2.02 3979864
2.02 3981056
2.02 3982232
2.02 3983424
2.02 3984624
2.02 3985816
2.02 3986992
2.02 3988184
2.02 3989384
2.02 3990580
2.02 3991752
2.02 3992944
2.02 3994144
2.02 3995336
2.02 3996512
2.02 3997716
2.02 3998904
2.02 4000096
2.02 4001272
2.02 4002464
2.02 4003664
2.02 4004856
2.02 4006032
2.02 4007224
2.02 4008424
2.02 4009616
2.02 4010792
2.02 4011984
2.02 4013184
2.02 4014376
2.02 4016744
2.02 4017944
2.02 4019136
2.02 4020312
2.02 4021504
2.02 4022704
2.02 4023896
2.02 4025072
2.02 4026264
2.02 4027464
2.02 4028656
2.02 4029832
2.02 4031024
2.02 4032224
2.02 4033416
2.02 4034604
2.02 4035784
2.02 4036984
2.02 4038176
2.02 4039352
2.02 4040544
2.02 4041748
2.02 4042936
2.02 4044112
2.02 4045304
2.02 4046504
2.02 4047696
2.02 4048872
2.02 4050064
2.02 4051264
2.02 4052456
2.02 4053632
2.02 4054824
2.02 4056024
2.02 4057216
2.02 4058392
2.02 4059584
2.02 4060784
2.02 4061976
2.02 4063152
2.02 4064344
2.02 4065544
2.02 4066736
2.02 4067912
2.02 4069104
2.02 4070304
2.02 4071496
2.02 4072672
2.02 4073864
2.02 4075064
2.02 4076256
2.02 4077432
2.02 4078636
2.02 4079824
2.02 4081016
2.02 4082192
2.02 4083384
2.02 4084584
2.02 4085780
2.02 4086968
2.02 4088144
2.02 4089344
2.02 4090536
2.02 4091712
2.02 4092904
2.02 4094104
2.02 4095296
2.02 4096472
2.02 4097664
2.02 4098864
2.02 4100056
2.02 4101232
2.02 4102424
2.02 4103624
2.02 4104816
2.02 4105992
2.02 4107184
2.02 4108384
2.02 4109576
2.02 4110752
2.02 4111944
2.02 4115512
2.02 4116704
2.02 4117904
2.02 4119096
2.02 4120272
2.02 4121464
2.02 4122668
2.02 4123856
2.02 4125032
2.02 4126224
2.02 4127424
2.02 4128616
2.02 4129792
2.02 4131000
2.02 4132184
2.02 4133376
2.02 4134552
2.02 4135744
2.02 4136944
2.02 4138136
2.02 4139312
2.02 4140504
2.02 4141704
2.02 4142896
2.02 4144072
2.02 4145264
2.02 4146464
2.02 4147656
2.02 4148832
2.02 4150024
2.02 4151224
2.02 4152416
2.02 4153592
2.02 4154784
2.02 4155984
2.02 4157176
2.02 4158352
2.02 4159544
2.02 4160744
2.02 4161936
2.02 4163112
2.02 4164304
2.02 4165504
2.02 4166700
2.02 4167872
2.02 4169064
2.02 4170264
2.02 4171456
2.02 4172632
2.02 4173824
2.02 4175032
2.02 4176216
2.02 4177392
2.02 4178584
2.02 4179784
2.02 4180976
2.02 4182152
2.02 4183344
2.02 4184544
2.02 4185736
2.02 4186912
2.02 4188104
2.02 4189304
2.02 4190496
2.02 4191672
2.02 4192864
2.02 4194064
2.02 4195256
2.02 4196432
2.02 4197624
2.02 4198824
2.02 4200016
2.02 4201192
2.02 4202384
2.02 4203584
2.02 4204776
2.02 4205952
2.02 4207144
2.02 4208344
2.02 4209536
2.02 4210724
2.02 4211904
2.02 4213104
2.02 4214296
