3.66 4229768
3.60 4230960
3.40 4232136
3.11 4233336
2.84 4234524
2.62 4235716
2.45 4236896
2.32 4238088
2.22 4239288
2.14 4240480
2.08 4241652
2.05 4242844
2.24 4244048
2.54 4245236
2.91 4246412
3.26 4247608
3.54 4248808
3.68 4250000
3.60 4251176
3.36 4252376
3.05 4253568
2.79 4254764
2.58 4255932
2.41 4257128
2.28 4258328
2.18 4259520
2.11 4260692
2.06 4261884
2.07 4263092
2.27 4264280
2.59 4265452
2.98 4266648
3.31 4267848
3.59 4269040
3.68 4270216
3.57 4271408
2.74 4274972
2.54 4276164
2.38 4277368
2.25 4278560
2.16 4279736
2.09 4280924
2.03 4282116
2.08 4283320
2.34 4284496
2.73 4285688
3.17 4286884
3.55 4288080
3.85 4289252
3.91 4290444
3.74 4291648
3.39 4292840
2.99 4294016
2.66 4295204
2.40 4296408
2.20 4297600
2.06 4298788
1.96 4299964
1.88 4301156
1.81 4302360
1.88 4303532
2.12 4304728
2.48 4305932
2.89 4307116
3.25 4308292
3.52 4309488
3.58 4310688
3.49 4311880
3.28 4313056
3.04 4314248
2.82 4315436
2.65 4316640
2.51 4317812
2.41 4319008
2.33 4320208
2.27 4321400
2.21 4322572
2.28 4323768
2.40 4324968
2.58 4326156
2.78 4327332
2.96 4328528
3.11 4329728
3.13 4330916
3.08 4332096
2.97 4333288
2.83 4334484
2.70 4335680
2.59 4336852
2.49 4338056
2.41 4339248
2.35 4340440
2.30 4341616
2.26 4342820
2.34 4344008
2.46 4345200
2.64 4346372
2.83 4347564
3.02 4348768
3.13 4349964
3.15 4351148
3.08 4352328
2.96 4353528
2.82 4354716
2.69 4355896
2.59 4357084
2.49 4358288
2.41 4359480
2.36 4360652
2.31 4361848
2.29 4363048
2.36 4364240
2.51 4365412
2.70 4366604
2.89 4367808
3.07 4369000
3.17 4370172
3.17 4371364
3.08 4372568
2.94 4373760
2.80 4374936
2.67 4376124
2.56 4377316
2.47 4378520
2.34 4380888
2.29 4382088
2.28 4383280
2.38 4384456
2.53 4385644
2.73 4386852
2.93 4388040
3.11 4389216
3.19 4390404
3.17 4391604
3.05 4392800
2.91 4393972
2.77 4395184
2.64 4396364
2.53 4397556
2.44 4398736
2.38 4399928
2.32 4401128
2.27 4402320
2.29 4403496
2.39 4404688
2.56 4405876
2.76 4407080
2.94 4408252
3.11 4409448
3.15 4410648
3.11 4411840
3.00 4413016
2.85 4414204
2.72 4415408
2.61 4416596
2.51 4417772
2.43 4418968
2.37 4420168
2.32 4421360
2.28 4422536
2.33 4423740
2.43 4424928
2.58 4426116
2.75 4427292
2.91 4428484
3.03 4429688
3.04 4430888
3.00 4432056
2.90 4433244
2.79 4434448
2.68 4435640
2.60 4436812
2.52 4438004
2.46 4439216
2.42 4440400
2.38 4441576
2.35 4442764
2.40 4443968
2.50 4445160
2.62 4446332
2.76 4447524
2.88 4448728
2.96 4449920
2.96 4451096
2.90 4452284
2.79 4453488
2.68 4454676
2.57 4455852
2.48 4457056
2.40 4458248
2.34 4459440
2.29 4460616
2.25 4461804
2.23 4463008
2.29 4464200
2.41 4465376
2.60 4466564
2.79 4467772
2.98 4468960
3.11 4470136
3.13 4471324
3.06 4472528
2.92 4473720
2.78 4474908
2.62 4476084
2.48 4477288
2.35 4478480
2.25 4479656
2.16 4480848
2.09 4482048
2.04 4483236
2.13 4484416
2.58 4486796
2.87 4488000
3.17 4489172
3.38 4490368
3.46 4491568
3.39 4492760
3.24 4493936
3.05 4495128
2.86 4496324
2.67 4497516
2.50 4498692
2.36 4499884
2.23 4501084
2.12 4502280
2.07 4503452
2.14 4504648
2.32 4505848
2.59 4507036
2.87 4508212
3.16 4509408
3.35 4510608
3.41 4511804
3.34 4512976
3.19 4514164
2.99 4515368
2.79 4516560
2.60 4517732
2.42 4518940
2.27 4520128
2.14 4521320
2.02 4522496
1.98 4523688
2.07 4524888
2.25 4526084
2.51 4527268
2.80 4528448
3.06 4529648
3.23 4530840
3.26 4532016
3.17 4533204
3.00 4534408
2.79 4535600
2.58 4536772
2.37 4537968
2.18 4539168
2.02 4540360
1.87 4541536
1.74 4542728
1.73 4543928
1.83 4545120
2.06 4546292
2.36 4547488
2.69 4548688
3.00 4549880
3.18 4551052
3.21 4552244
3.10 4553448
2.92 4554640
2.71 4555828
2.50 4557016
2.30 4558208
2.12 4559400
1.96 4560576
1.82 4561776
1.72 4562976
1.73 4564160
1.88 4565332
2.16 4566528
2.49 4567728
2.85 4568920
3.17 4570092
3.34 4571288
3.34 4572488
3.20 4573680
2.99 4574856
2.74 4576044
2.50 4577248
2.27 4578440
2.08 4579612
1.90 4580804
1.75 4582008
1.65 4583200
1.68 4584376
1.84 4585568
2.08 4586768
2.35 4587960
2.61 4589132
2.82 4590324
2.89 4591528
2.83 4592716
2.69 4593892
2.51 4595084
2.34 4596288
2.17 4597480
2.03 4598656
1.90 4599860
1.80 4601048
1.71 4602240
1.67 4603416
1.74 4604608
1.90 4605804
2.11 4607004
2.34 4608176
2.68 4610564
2.69 4611760
2.61 4612932
2.47 4614128
2.30 4615328
2.15 4616520
2.01 4617692
1.89 4618884
1.79 4620088
1.72 4621280
1.65 4622456
1.65 4623648
1.74 4624848
1.90 4626040
2.10 4627216
2.30 4628408
2.48 4629608
2.57 4630796
2.56 4631972
2.48 4633176
2.36 4634368
2.23 4635560
2.12 4636736
2.01 4637924
1.93 4639128
1.86 4640320
1.81 4641496
1.77 4642688
1.80 4643892
1.90 4645076
2.05 4646252
2.23 4647444
2.40 4648648
2.55 4649836
2.60 4651028
2.57 4652204
2.48 4653408
2.36 4654600
2.24 4655776
2.14 4656968
2.05 4658164
1.98 4659360
1.92 4660532
1.87 4661736
1.84 4662928
1.88 4664116
1.98 4665296
2.15 4666496
2.31 4667688
2.48 4668880
2.60 4670052
2.63 4671244
2.59 4672436
2.48 4673640
2.37 4674816
2.25 4676008
2.15 4677208
2.06 4678400
1.99 4679576
1.93 4680768
1.89 4681968
1.86 4683160
1.91 4684336
2.02 4685528
2.17 4686728
2.32 4687924
2.46 4689096
2.56 4690284
2.57 4691476
2.51 4692676
2.41 4693856
2.31 4695060
2.20 4696244
2.11 4697440
2.04 4698612
1.97 4699808
1.93 4701008
1.89 4702200
1.89 4703372
1.95 4704568
2.05 4705764
2.35 4708132
2.48 4709336
2.55 4710516
2.55 4711716
2.48 4712896
2.38 4714088
2.27 4715288
2.17 4716480
2.09 4717652
2.02 4718848
1.96 4720048
1.92 4721236
1.88 4722412
1.89 4723604
1.96 4724808
2.08 4726000
2.22 4727176
2.37 4728368
2.50 4729568
2.55 4730756
2.54 4731948
2.46 4733128
2.36 4734328
2.25 4735520
2.16 4736696
2.08 4737884
2.01 4739092
1.96 4740280
1.92 4741452
1.89 4742644
1.91 4743848
1.98 4745040
2.11 4746216
2.26 4747408
2.40 4748608
2.51 4749796
2.56 4750972
2.53 4752164
2.44 4753368
2.35 4754556
2.25 4755732
2.16 4756928
2.09 4758128
2.03 4759320
1.98 4760496
1.95 4761688
1.92 4762888
1.95 4764080
2.03 4765256
2.15 4766456
2.27 4767644
2.39 4768840
2.47 4770016
2.49 4771216
2.45 4772408
2.36 4773600
2.26 4774776
2.17 4775980
2.09 4777168
2.02 4778360
1.97 4779536
1.93 4780728
1.90 4781924
1.88 4783124
1.92 4784312
2.01 4785484
2.14 4786688
2.27 4787880
2.39 4789056
2.46 4790248
2.48 4791448
2.42 4792640
2.34 4793816
2.24 4795008
2.15 4796208
2.07 4797400
2.00 4798572
1.96 4799764
1.91 4800968
1.88 4802156
1.88 4803332
1.93 4804528
2.03 4805716
2.17 4806920
2.30 4808096
2.49 4810488
2.49 4811680
2.42 4812856
2.33 4814048
2.22 4815248
2.13 4816440
2.05 4817612
1.98 4818808
1.94 4820012
1.89 4821200
1.86 4822376
1.86 4823576
1.93 4824768
2.05 4825960
2.20 4827132
2.35 4828344
2.48 4829528
2.54 4830716
2.53 4831892
2.45 4833088
2.34 4834288
2.22 4835480
2.12 4836656
2.03 4837844
1.96 4839048
1.90 4840240
1.86 4841416
1.82 4842608
1.83 4843808
1.91 4845000
2.03 4846172
2.18 4847376
2.34 4848568
2.45 4849760
2.50 4850932
2.47 4852128
2.38 4853328
2.25 4854520
2.14 4855696
2.03 4856888
1.95 4858088
1.88 4859276
1.82 4860456
1.78 4861648
1.75 4862848
1.77 4864044
1.87 4865216
2.01 4866408
2.17 4867608
2.32 4868800
2.43 4869976
2.47 4871180
2.42 4872376
2.31 4873560
2.18 4874736
2.07 4875928
1.96 4877128
1.88 4878316
1.81 4879496
1.76 4880688
1.72 4881888
1.70 4883080
1.74 4884256
1.84 4885456
1.99 4886648
2.16 4887840
2.30 4889016
2.40 4890208
2.42 4891408
2.36 4892600
2.26 4893776
2.14 4894968
2.03 4896156
1.94 4897360
1.87 4898536
1.81 4899728
1.76 4900928
1.73 4902120
1.71 4903296
1.76 4904488
1.87 4905688
2.01 4906880
2.15 4908068
2.28 4909248
2.37 4910448
2.31 4912816
2.20 4914004
2.10 4915212
1.99 4916400
1.91 4917576
1.84 4918768
1.79 4919968
1.74 4921160
1.71 4922336
1.71 4923536
1.77 4924728
1.88 4925920
2.02 4927096
2.17 4928288
2.29 4929488
2.36 4930680
2.35 4931852
2.28 4933044
2.17 4934248
2.06 4935440
1.97 4936616
1.89 4937804
1.82 4939008
1.76 4940200
1.73 4941376
1.69 4942568
1.71 4943768
1.77 4944960
1.89 4946132
2.03 4947328
2.17 4948528
2.29 4949720
2.34 4950896
2.32 4952100
2.24 4953288
2.14 4954480
2.03 4955652
1.94 4956848
1.86 4958048
1.79 4959248
1.74 4960432
1.71 4961616
1.68 4962808
1.70 4964000
1.77 4965176
1.90 4966364
2.04 4967564
2.18 4968760
2.29 4969936
2.33 4971128
2.30 4972328
2.22 4973520
2.12 4974696
2.02 4975888
1.93 4977088
1.86 4978280
1.80 4979456
1.75 4980648
1.71 4981848
1.69 4983040
1.72 4984212
1.80 4985408
1.94 4986608
2.07 4987800
2.20 4988988
2.30 4990168
2.33 4991368
2.29 4992560
2.20 4993736
2.11 4994928
2.01 4996132
1.93 4997320
1.86 4998496
1.80 4999688
1.75 5000888
1.72 5002080
1.70 5003256
1.74 5004464
1.83 5005648
1.96 5006840
2.08 5008012
2.21 5009204
2.29 5010408
2.31 5011600
2.26 5012776
2.09 5015168
2.00 5016360
1.93 5017532
1.86 5018736
1.81 5019928
1.77 5021120
1.74 5022296
1.73 5023488
1.78 5024688
1.87 5025880
1.98 5027056
2.11 5028248
2.22 5029448
2.28 5030640
2.29 5031812
2.24 5033020
2.16 5034208
2.08 5035400
1.99 5036576
1.93 5037764
1.87 5038968
1.82 5040164
1.78 5041336
1.75 5042528
1.75 5043728
1.81 5044920
1.90 5046092
2.02 5047288
2.14 5048496
2.25 5049680
2.30 5050856
2.29 5052048
2.23 5053248
2.15 5054440
2.06 5055612
1.98 5056808
1.91 5058008
1.85 5059200
1.81 5060376
1.77 5061568
1.74 5062768
1.76 5063960
1.83 5065136
1.94 5066324
2.06 5067528
2.18 5068720
2.29 5069896
2.33 5071088
2.31 5072288
2.24 5073480
2.16 5074656
2.07 5075844
1.98 5077052
1.91 5078240
1.85 5079416
1.80 5080608
1.76 5081808
1.74 5083000
1.77 5084188
1.84 5085368
1.96 5086568
2.09 5087760
2.21 5088936
2.31 5090128
2.34 5091332
2.31 5092520
2.23 5093696
2.15 5094888
2.05 5096084
1.97 5097280
1.90 5098452
1.85 5099656
1.80 5100848
1.76 5102040
1.74 5103216
1.78 5104408
1.87 5105608
1.99 5106800
2.12 5107976
2.24 5109168
2.33 5110368
2.35 5111560
2.30 5112736
2.22 5113928
2.13 5115128
1.96 5117492
1.88 5118684
1.83 5119888
1.78 5121084
1.74 5122256
1.74 5123448
1.78 5124648
1.88 5125836
2.01 5127016
2.14 5128220
2.27 5129408
2.34 5130600
2.35 5131772
2.29 5132968
2.21 5134168
2.11 5135360
2.02 5136552
1.94 5137728
1.87 5138928
1.81 5140120
1.77 5141296
1.74 5142488
1.74 5143688
1.79 5144880
1.90 5146052
2.03 5147248
2.17 5148448
2.28 5149640
2.34 5150816
2.34 5152016
2.28 5153208
2.19 5154396
2.09 5155572
2.00 5156768
1.92 5157968
1.85 5159160
1.80 5160336
1.75 5161536
1.72 5162728
1.74 5163920
1.81 5165108
1.92 5166284
2.05 5167484
2.19 5168676
2.30 5169856
2.35 5171044
2.34 5172252
2.26 5173440
2.17 5174616
2.07 5175804
1.98 5177008
1.91 5178200
1.84 5179376
1.79 5180576
1.74 5181768
1.72 5182960
1.74 5184136
1.82 5185336
1.95 5186528
2.08 5187720
2.21 5188896
2.32 5190088
2.36 5191288
2.32 5192480
2.24 5193656
2.15 5194848
2.05 5196036
1.96 5197240
1.89 5198412
1.83 5199608
1.78 5200808
1.74 5202000
1.72 5203172
1.75 5204368
1.84 5205568
1.97 5206760
2.11 5207936
2.24 5209140
2.33 5210328
2.35 5211520
2.31 5212692
2.22 5213888
2.13 5215088
2.03 5216284
1.95 5217456
1.81 5219848
1.77 5221040
1.73 5222216
1.72 5223408
1.77 5224608
1.86 5225800
1.99 5226976
2.13 5228168
2.25 5229368
2.33 5230560
2.33 5231736
2.28 5232924
2.18 5234128
2.08 5235320
1.99 5236496
1.91 5237684
1.83 5238888
1.78 5240080
1.74 5241256
1.70 5242456
1.70 5243648
1.76 5244840
1.87 5246016
2.01 5247208
2.15 5248408
2.27 5249600
2.33 5250776
2.32 5251968
2.25 5253172
2.15 5254360
2.05 5255532
1.95 5256728
1.87 5257928
1.80 5259120
1.74 5260308
1.71 5261496
1.67 5262688
1.70 5263880
1.76 5265056
1.89 5266244
2.04 5267444
2.18 5268640
2.30 5269816
2.35 5271004
2.31 5272208
2.22 5273400
2.12 5274576
2.01 5275768
1.91 5276968
1.83 5278160
1.76 5279336
1.71 5280536
1.67 5281728
1.64 5282920
1.68 5284096
1.77 5285288
1.91 5286488
2.07 5287680
2.22 5288852
2.33 5290048
2.36 5291248
2.31 5292440
2.21 5293612
2.10 5294808
1.98 5296008
1.88 5297204
1.79 5298376
1.73 5299568
1.67 5300768
1.63 5301960
1.61 5303132
1.67 5304340
1.78 5305528
1.94 5306720
2.10 5307896
2.25 5309088
2.36 5310288
2.37 5311480
2.31 5312656
2.19 5313844
2.07 5315048
1.96 5316240
1.86 5317416
1.77 5318616
1.71 5319808
1.63 5322176
1.61 5323368
1.68 5324568
1.81 5325760
1.97 5326936
2.14 5328128
2.29 5329328
2.37 5330520
2.37 5331692
2.28 5332888
2.16 5334088
2.03 5335280
1.91 5336456
1.81 5337648
1.74 5338848
1.67 5340040
1.63 5341228
1.59 5342408
1.60 5343608
1.68 5344800
1.83 5345976
2.01 5347164
2.19 5348372
2.35 5349560
2.42 5350736
2.40 5351928
2.30 5353128
2.17 5354320
2.03 5355496
1.91 5356688
1.81 5357888
1.73 5359080
1.67 5360256
1.62 5361448
1.58 5362648
1.60 5363840
1.70 5365016
1.86 5366216
2.05 5367408
2.23 5368600
2.38 5369776
2.43 5370968
2.39 5372168
2.29 5373360
2.16 5374536
2.03 5375728
1.91 5376928
1.81 5378120
1.74 5379296
1.67 5380488
1.62 5381688
1.59 5382880
1.63 5384056
1.75 5385260
1.94 5386448
2.14 5387640
2.33 5388816
2.48 5390016
2.52 5391196
2.45 5392404
2.32 5393592
2.17 5394768
2.03 5395956
1.91 5397160
1.80 5398336
1.72 5399528
1.66 5400728
1.61 5401920
1.58 5403092
1.64 5404288
1.77 5405488
1.96 5406680
2.15 5407856
2.33 5409048
2.44 5410248
2.45 5411440
2.38 5412616
2.24 5413808
2.10 5415008
1.97 5416200
1.86 5417376
1.77 5418568
1.71 5419768
1.65 5420960
1.61 5422132
1.66 5424528
1.78 5425720
1.93 5426892
2.08 5428084
2.20 5429292
2.28 5430480
2.28 5431652
2.21 5432844
2.13 5434048
2.04 5435236
1.96 5436416
1.89 5437624
1.83 5438808
1.79 5440000
1.75 5441176
1.73 5442368
1.74 5443568
1.78 5444760
1.84 5445936
1.93 5447124
2.00 5448328
2.06 5449520
2.09 5450692
2.08 5451884
2.05 5453088
2.01 5454280
1.97 5455456
1.93 5456648
1.90 5457844
1.87 5459040
1.84 5460216
1.82 5461416
1.80 5462608
1.84 5463800
1.88 5464972
1.92 5466164
1.95 5467368
1.98 5468560
2.00 5469732
1.98 5470928
1.96 5472128
1.93 5473324
1.94 5474492
1.93 5475688
1.91 5476888
1.90 5478080
1.89 5479252
1.88 5480444
1.87 5481656
1.88 5482836
1.98 5484016
2.05 5485204
2.08 5486404
2.05 5487596
2.05 5488772
2.01 5489964
1.94 5491168
1.87 5492360
1.86 5493536
1.91 5494724
1.93 5495928
1.93 5497120
1.93 5498296
1.94 5499484
1.94 5500688
1.94 5501880
1.97 5503056
2.11 5504248
2.20 5505448
2.24 5506640
2.20 5507812
2.19 5509004
2.10 5510208
1.96 5511400
1.86 5512576
1.86 5513768
1.92 5514968
1.95 5516160
1.96 5517348
1.96 5518528
1.97 5519728
1.98 5520920
1.99 5522096
2.06 5523284
2.28 5524492
2.43 5526856
2.37 5528044
2.34 5529248
2.15 5530440
1.95 5531616
1.84 5532808
1.86 5534008
1.94 5535200
1.96 5536376
1.98 5537568
2.00 5538768
2.01 5539960
2.02 5541136
2.02 5542328
2.20 5543528
2.46 5544720
2.59 5545892
2.60 5547084
2.53 5548276
2.47 5549480
2.17 5550656
1.92 5551844
1.77 5553048
1.82 5554240
1.89 5555412
1.94 5556604
1.96 5557808
1.97 5559000
2.01 5560176
2.02 5561380
2.03 5562568
2.37 5563760
2.67 5564932
2.82 5566124
2.77 5567328
2.67 5568524
2.50 5569708
2.08 5570884
1.74 5572088
1.62 5573280
1.75 5574456
1.85 5575656
1.91 5576848
1.95 5578040
1.98 5579216
2.01 5580408
2.03 5581596
2.08 5582800
2.49 5583976
2.77 5585168
2.88 5586368
2.74 5587560
2.64 5588732
2.41 5589928
2.05 5591124
1.81 5592320
1.79 5593496
1.96 5594688
2.05 5595884
2.08 5597080
2.13 5598268
2.15 5599448
2.17 5600648
2.17 5601840
2.25 5603016
2.54 5604204
2.67 5605412
2.71 5606600
2.60 5607772
2.53 5608964
2.34 5610168
2.08 5611360
1.92 5612532
1.91 5613744
2.02 5614928
2.08 5616120
2.09 5617292
2.10 5618484
2.10 5619688
2.10 5620880
2.11 5622056
2.38 5623248
3.26 5624448
3.71 5625640
3.83 5626812
3.30 5629208
2.44 5630400
1.33 5631572
0.64 5632764
0.74 5633956
1.16 5635156
1.37 5636332
1.49 5637528
1.64 5638728
1.82 5639920
1.91 5641092
2.01 5642300
2.98 5643488
4.58 5644680
5.00 5645852
5.00 5647044
4.60 5648248
4.29 5649444
2.40 5650616
0.53 5651804
0.00 5652964
0.17 5654196
0.68 5655372
1.00 5656564
1.22 5657772
1.44 5658960
1.69 5660136
1.84 5661328
1.97 5662528
3.62 5663720
5.00 5664892
5.00 5666084
4.96 5667288
4.56 5668480
3.93 5669652
1.83 5670848
0.08 5672036
0.00 5673196
0.26 5674412
0.72 5675604
1.02 5676796
1.18 5677996
1.41 5679172
1.57 5680364
1.70 5681568
1.87 5682760
3.92 5683936
5.00 5685124
5.00 5686328
5.00 5687516
4.97 5688696
4.27 5689888
1.98 5691088
0.00 5692236
0.00 5693420
0.08 5694644
0.28 5695836
0.55 5697036
0.80 5698212
1.01 5699404
1.18 5700596
1.28 5701796
1.45 5702972
1.88 5704164
2.18 5705368
2.35 5706556
2.29 5707736
2.24 5708928
2.11 5710128
1.89 5711320
1.73 5712496
1.71 5713696
1.78 5714888
1.83 5716080
1.86 5717256
1.89 5718444
1.91 5719648
1.93 5720840
1.94 5722016
1.99 5723208
2.14 5724408
2.25 5725600
2.31 5726776
2.31 5727968
2.32 5729168
2.27 5730364
2.19 5731532
2.13 5732728
2.19 5735120
2.22 5736296
2.24 5737500
2.26 5738688
2.28 5739880
2.28 5741056
2.29 5742248
2.33 5743448
2.43 5744644
2.50 5745828
2.55 5747004
2.57 5748204
2.60 5749396
2.57 5750572
2.54 5751764
2.52 5752956
2.55 5754156
2.59 5755332
2.62 5756524
2.63 5757728
2.64 5758920
2.65 5760092
2.65 5761284
2.65 5762488
2.69 5763680
2.73 5764856
2.76 5766044
2.77 5767248
2.79 5768440
2.82 5769612
2.80 5770808
2.76 5772008
2.72 5773200
2.68 5774388
2.63 5775564
2.55 5776756
2.45 5777960
2.35 5779132
2.23 5780324
2.11 5781532
2.00 5782720
1.95 5783896
1.94 5785084
1.96 5786288
2.00 5787480
2.09 5788656
2.18 5789856
2.25 5791048
2.29 5792240
2.30 5793416
2.30 5794608
2.26 5795808
2.20 5797000
2.12 5798176
2.03 5799368
1.94 5800568
1.84 5801760
1.75 5802936
1.75 5804128
1.80 5805328
1.92 5806520
2.07 5807692
2.29 5808888
2.49 5810088
2.64 5811276
2.74 5812452
2.79 5813648
2.82 5814836
2.81 5816040
2.78 5817212
2.74 5818420
2.71 5819608
2.68 5820800
2.66 5821972
2.65 5823164
2.69 5824364
2.75 5825564
2.83 5826732
2.91 5827924
3.00 5829128
3.05 5830320
3.07 5831496
3.05 5832688
3.01 5833888
2.96 5835080
2.86 5837444
2.82 5838636
2.78 5839840
2.75 5841016
2.73 5842208
2.72 5843408
2.76 5844600
2.81 5845776
2.88 5846964
2.95 5848168
3.02 5849360
3.05 5850536
3.04 5851736
3.01 5852928
2.95 5854120
2.90 5855292
2.85 5856484
2.82 5857676
2.79 5858880
2.77 5860056
2.75 5861248
2.74 5862452
2.76 5863640
2.81 5864816
2.89 5866008
2.97 5867208
3.05 5868400
3.11 5869588
3.12 5870776
3.10 5871968
3.04 5873160
2.97 5874332
2.92 5875524
2.87 5876724
2.84 5877916
2.83 5879092
2.81 5880288
2.80 5881488
2.80 5882680
2.83 5883852
2.90 5885044
3.01 5886248
3.10 5887440
3.19 5888612
3.24 5889808
3.23 5891008
3.16 5892200
3.06 5893376
2.98 5894568
2.92 5895768
2.87 5896960
2.84 5898132
2.82 5899324
2.80 5900528
2.79 5901720
2.79 5902896
2.84 5904084
2.95 5905288
3.08 5906484
3.20 5907656
3.28 5908844
3.32 5910048
3.28 5911240
3.18 5912416
3.06 5913620
2.97 5914808
2.91 5916000
2.86 5917172
2.83 5918364
2.82 5919556
2.80 5920760
2.79 5921936
2.80 5923128
2.88 5924328
3.01 5925520
3.17 5926692
3.41 5927888
3.55 5929088
3.53 5930280
3.18 5931456
2.81 5932648
2.40 5933848
2.25 5935040
2.18 5936216
2.14 5937408
2.13 5938608
2.13 5939800
2.13 5940976
2.15 5942176
2.23 5943368
2.62 5944556
3.10 5945736
3.67 5948128
3.69 5949320
3.61 5950508
3.31 5951688
2.89 5952884
2.46 5954080
2.31 5955256
2.26 5956448
2.22 5957652
2.21 5958836
2.22 5960016
2.23 5961208
2.25 5962408
2.51 5963596
5.00 5964772
5.00 5965964
5.00 5967156
5.00 5968356
4.56 5969536
0.00 5970692
0.00 5971884
0.00 5973076
0.00 5974260
0.80 5975484
1.23 5976676
1.50 5977880
1.85 5979056
2.09 5980244
2.12 5981448
2.11 5982640
5.00 5983812
5.00 5985004
5.00 5986196
5.00 5987396
5.00 5988572
2.30 5989768
0.00 5990924
0.00 5992116
0.00 5993300
0.17 5994540
0.56 5995716
0.68 5996916
0.68 5998092
1.13 5999284
1.31 6000484
1.51 6001684
2.68 6002868
5.00 6004044
5.00 6005236
5.00 6006436
5.00 6007612
5.00 6008804
0.42 6009996
0.00 6011156
0.00 6012340
0.00 6013532
0.00 6014724
0.00 6015916
0.00 6017100
0.22 6018324
0.84 6019516
0.80 6020716
1.03 6021892
3.66 6023088
5.00 6024276
5.00 6025476
5.00 6026652
5.00 6027844
5.00 6029036
0.00 6030196
0.00 6031380
0.00 6032572
0.00 6033764
0.00 6034956
0.20 6036172
0.09 6037364
0.58 6038572
1.09 6039756
1.22 6040932
1.30 6042124
5.00 6043316
5.00 6044516
5.00 6045692
5.00 6046900
5.00 6048076
4.94 6049280
0.00 6050420
0.00 6051612
0.00 6052804
0.16 6055212
0.35 6056404
0.59 6057596
0.62 6058796
1.21 6059972
1.39 6061164
1.37 6062368
5.00 6063556
5.00 6064732
5.00 6065924
5.00 6067116
5.00 6068316
3.46 6069492
0.00 6070652
0.00 6071844
0.00 6073036
0.00 6074220
0.16 6075444
0.57 6076636
0.60 6077836
0.96 6079012
1.25 6080204
1.17 6081396
1.34 6082604
5.00 6083772
5.00 6084964
5.00 6086156
5.00 6087356
5.00 6088532
1.83 6089744
0.00 6090892
0.00 6092076
0.00 6093260
0.00 6094452
0.10 6095676
0.36 6096876
0.60 6098052
1.10 6099244
1.28 6100444
1.37 6101640
2.67 6102812
5.00 6104004
5.00 6105196
5.00 6106396
5.00 6107572
5.00 6108764
0.09 6109956
0.00 6111116
0.00 6112300
0.00 6113492
0.00 6114684
0.18 6115916
0.51 6117092
0.65 6118284
1.22 6119476
1.35 6120680
1.52 6121856
4.28 6123048
5.00 6124236
5.00 6125436
5.00 6126628
5.00 6127804
5.00 6128996
0.00 6130156
0.00 6131340
0.00 6132532
0.00 6133724
0.09 6134956
0.54 6136132
0.70 6137324
0.98 6138516
1.37 6139720
1.53 6140896
1.46 6142084
5.00 6143276
5.00 6144476
5.00 6145652
5.00 6146844
5.00 6148036
4.63 6149240
0.00 6150380
0.00 6151572
0.00 6152764
0.00 6153956
0.49 6155172
0.81 6156364
0.95 6157556
1.32 6158760
1.78 6159936
1.90 6161124
1.82 6162328
5.00 6163516
5.00 6164692
5.00 6165884
5.00 6167076
5.00 6168276
3.82 6169452
0.00 6170612
0.00 6174180
0.54 6175404
0.96 6176596
1.14 6177804
1.54 6178992
1.89 6180164
1.85 6181368
1.83 6182560
5.00 6183732
5.00 6184924
5.00 6186116
5.00 6187316
5.00 6188492
2.28 6189684
0.00 6190844
0.00 6192036
0.00 6193220
0.12 6194444
0.68 6195636
1.02 6196828
1.15 6198012
1.55 6199216
1.91 6200408
2.14 6201600
2.81 6202776
5.00 6203964
5.00 6205156
5.00 6206356
5.00 6207536
5.00 6208724
0.85 6209916
0.00 6211076
0.00 6212260
0.00 6213452
0.18 6214692
0.69 6215876
1.02 6217052
1.28 6218244
1.53 6219448
1.83 6220640
2.04 6221812
4.29 6223024
5.00 6224196
5.00 6225396
5.00 6226572
5.00 6227764
5.00 6228956
0.18 6230156
0.00 6231300
0.00 6232492
0.00 6233684
0.33 6234908
0.84 6236092
1.20 6237284
1.21 6238476
1.68 6239680
2.13 6240856
2.02 6242048
5.00 6243236
5.00 6244436
5.00 6245612
5.00 6246804
5.00 6247996
5.00 6249196
0.00 6250340
0.00 6251536
0.00 6252724
0.00 6253916
0.58 6255132
0.77 6256324
1.26 6257516
1.62 6258724
2.16 6259896
2.06 6261084
2.42 6262288
5.00 6263476
5.00 6264652
5.00 6265844
5.00 6267052
5.00 6268236
4.78 6269412
0.00 6270572
0.00 6271764
0.00 6272956
0.00 6274140
0.50 6275364
1.09 6276556
1.28 6277756
2.18 6280128
2.25 6281328
2.20 6282516
5.00 6283692
5.00 6284884
5.00 6286076
5.00 6287276
5.00 6288452
2.96 6289648
0.00 6290804
0.00 6291996
0.00 6293180
0.00 6294372
0.64 6295608
1.10 6296796
1.31 6297972
1.81 6299176
2.07 6300368
2.27 6301560
3.00 6302748
5.00 6303924
5.00 6305116
5.00 6306316
5.00 6307492
5.00 6308684
1.33 6309888
0.00 6311036
0.00 6312220
0.00 6313412
0.17 6314636
0.54 6315836
0.92 6317012
1.41 6318204
1.92 6319404
2.14 6320600
2.26 6321776
4.56 6322964
5.00 6324156
5.00 6325356
5.00 6326532
5.00 6327724
5.00 6328916
0.06 6330116
0.00 6331260
0.00 6332452
0.00 6333644
0.02 6334876
0.62 6336052
0.98 6337244
1.45 6338448
1.83 6339644
2.14 6340816
2.40 6342008
5.00 6343196
5.00 6344396
5.00 6345572
5.00 6346780
5.00 6347956
5.00 6349156
0.00 6350300
0.00 6351492
0.00 6352684
0.00 6353876
0.34 6355108
0.76 6356284
1.06 6357476
1.32 6358680
2.20 6359852
2.15 6361048
2.19 6362248
5.00 6363436
5.00 6364612
5.00 6365804
5.00 6366996
5.00 6368196
4.86 6369376
0.00 6370532
0.00 6371724
0.00 6372916
0.01 6374132
0.53 6375324
1.04 6376516
1.09 6377708
1.62 6378896
2.03 6380084
2.17 6382480
5.00 6383668
5.00 6384844
5.00 6386036
5.00 6387236
5.00 6388412
3.00 6389608
0.00 6390764
0.00 6391956
0.00 6393140
0.00 6394332
0.36 6395556
0.96 6396748
1.07 6397932
1.58 6399128
2.04 6400324
2.16 6401520
2.71 6402692
5.00 6403884
5.00 6405076
5.00 6406276
5.00 6407452
5.00 6408644
1.25 6409836
0.00 6410996
0.00 6412180
0.00 6413372
0.01 6414596
0.32 6415788
0.83 6416972
1.17 6418164
1.83 6419368
1.98 6420560
2.36 6421736
4.28 6422928
5.00 6424116
5.00 6425316
5.00 6426492
5.00 6427700
5.00 6428876
0.07 6430076
0.00 6431220
0.00 6432412
0.00 6433604
0.00 6434796
0.44 6436012
0.83 6437204
1.24 6438396
1.91 6439600
1.92 6440772
2.11 6441968
5.00 6443156
5.00 6444356
5.00 6445532
5.00 6446724
5.00 6447916
5.00 6449116
0.00 6450260
0.00 6451452
0.00 6452644
0.00 6453836
0.06 6455052
0.54 6456244
0.84 6457436
1.34 6458640
1.78 6459816
1.86 6461016
2.13 6462208
5.00 6463396
5.00 6464572
5.00 6465764
5.00 6466956
5.00 6468156
5.00 6469332
0.00 6470492
0.00 6471692
0.00 6472876
0.00 6474060
0.00 6475252
0.64 6476476
0.92 6477676
1.22 6478868
1.66 6480048
1.92 6481248
1.96 6482440
5.00 6484804
5.00 6485996
5.00 6487196
5.00 6488372
3.42 6489576
0.00 6490724
0.00 6491916
0.00 6493100
0.00 6494292
0.08 6495516
0.56 6496716
0.79 6497892
1.16 6499084
1.45 6500288
1.82 6501480
2.06 6502652
5.00 6503844
5.00 6505036
5.00 6506236
5.00 6507412
5.00 6508604
1.12 6509796
0.00 6510956
0.00 6512140
0.00 6513332
0.00 6514524
0.00 6515764
0.36 6516932
0.64 6518124
1.43 6519328
1.58 6520520
1.64 6521696
3.75 6522900
5.00 6524076
5.00 6525276
5.00 6526452
5.00 6527644
5.00 6528836
0.00 6529996
0.00 6531180
0.00 6532372
0.00 6533564
0.00 6534756
0.27 6535972
0.72 6537164
0.77 6538356
1.60 6539560
1.73 6540736
1.78 6541928
5.00 6543116
5.00 6544316
5.00 6545492
5.00 6546684
5.00 6547876
5.00 6549076
0.00 6550220
0.00 6551412
0.00 6552604
0.00 6553796
0.00 6554980
0.34 6556204
0.65 6557396
0.87 6558596
1.39 6559788
1.71 6560976
1.63 6562168
5.00 6563356
5.00 6564532
5.00 6565724
5.00 6566932
5.00 6568116
5.00 6569292
0.00 6570452
0.00 6571644
0.00 6572836
0.00 6574020
0.00 6575212
0.43 6576436
0.72 6577636
1.10 6578812
1.51 6580008
1.61 6581208
1.63 6582400
5.00 6583572
5.00 6584764
5.00 6587156
5.00 6588332
3.88 6589524
0.00 6590684
0.00 6591876
0.00 6593060
0.00 6594252
0.05 6595476
0.60 6596676
0.62 6597852
0.88 6599044
1.51 6600248
1.57 6601440
1.79 6602616
5.00 6603820
5.00 6604996
5.00 6606196
5.00 6607372
5.00 6608564
1.54 6609768
0.00 6610916
0.00 6612108
0.00 6613292
0.00 6614484
0.00 6615676
0.06 6616892
0.62 6618084
1.33 6619284
1.51 6620480
1.58 6621652
3.40 6622856
5.00 6624036
5.00 6625236
5.00 6626412
5.00 6627604
5.00 6628796
0.00 6629956
0.00 6631140
0.00 6632332
0.00 6633524
0.00 6634716
0.21 6635932
0.42 6637124
0.80 6638316
1.28 6639516
1.39 6640692
1.72 6641888
4.99 6643088
5.00 6644276
5.00 6645452
5.00 6646644
5.00 6647852
5.00 6649036
0.00 6650180
0.00 6651372
0.00 6652564
0.00 6653756
0.03 6654972
0.24 6656180
0.48 6657356
0.96 6658556
1.32 6659732
1.52 6660936
1.62 6662128
5.00 6663316
5.00 6664492
5.00 6665684
5.00 6666876
5.00 6668076
5.00 6669252
0.00 6670412
0.00 6671604
0.00 6672796
0.00 6673980
0.00 6675172
0.23 6676396
0.30 6677596
0.87 6678772
1.39 6679968
1.62 6681168
1.70 6682360
5.00 6683532
5.00 6684724
5.00 6685916
5.00 6687116
4.26 6689488
0.00 6690644
0.00 6691836
0.00 6693020
0.00 6694212
0.00 6695404
0.30 6696636
0.55 6697812
0.73 6699004
1.37 6700216
1.53 6701400
1.51 6702576
5.00 6703764
5.00 6704956
5.00 6706156
5.00 6707332
5.00 6708524
1.77 6709728
0.00 6710876
0.00 6712060
0.00 6713252
0.00 6714444
0.01 6715676
0.49 6716852
0.64 6718044
1.31 6719244
1.56 6720436
1.59 6721616
3.09 6722808
5.00 6723996
5.00 6725196
5.00 6726372
5.00 6727564
5.00 6728756
0.08 6729948
0.00 6731100
0.00 6732292
0.00 6733484
0.00 6734676
0.00 6735860
0.46 6737084
0.72 6738276
1.39 6739480
1.33 6740652
1.71 6741856
4.78 6743052
5.00 6744236
5.00 6745412
5.00 6746604
5.00 6747796
5.00 6748996
0.00 6750140
0.00 6751332
0.00 6752524
0.00 6753716
0.00 6754900
0.32 6756124
0.27 6757316
0.67 6758508
1.27 6759692
1.71 6760896
1.46 6762088
5.00 6763276
5.00 6764452
5.00 6765644
5.00 6766836
5.00 6768036
5.00 6769212
0.00 6770372
0.00 6771564
0.00 6772756
0.00 6773940
0.00 6775132
0.28 6776356
0.40 6777556
0.78 6778732
1.33 6779940
1.46 6781128
1.59 6782320
5.00 6783492
5.00 6784684
5.00 6785876
5.00 6787084
5.00 6788268
4.59 6789448
0.00 6791796
0.00 6792980
0.00 6794172
0.00 6795364
0.25 6796588
0.45 6797772
0.95 6798964
1.38 6800168
1.58 6801360
1.59 6802532
5.00 6803724
5.00 6804916
5.00 6806116
5.00 6807292
5.00 6808484
2.35 6809684
0.00 6810836
0.00 6812020
0.00 6813212
0.00 6814404
0.02 6815636
0.35 6816816
0.64 6818004
1.18 6819196
1.26 6820396
1.57 6821572
2.77 6822764
5.00 6823972
5.00 6825156
5.00 6826332
5.00 6827524
5.00 6828716
0.35 6829916
0.00 6831060
0.00 6832260
0.00 6833444
0.00 6834636
0.00 6835820
0.30 6837044
0.57 6838236
1.35 6839440
1.53 6840616
1.62 6841808
4.54 6843004
5.00 6844196
5.00 6845372
5.00 6846564
5.00 6847756
5.00 6848956
0.00 6850100
0.00 6851292
0.00 6852484
0.00 6853676
0.00 6854860
0.00 6856052
0.32 6857276
0.58 6858476
0.95 6859652
1.26 6860856
1.65 6862048
5.00 6863236
5.00 6864412
5.00 6865604
5.00 6866796
5.00 6868004
5.00 6869172
0.00 6870332
0.00 6871524
0.00 6872716
0.00 6873900
0.00 6875092
0.05 6876332
0.10 6877516
0.71 6878692
1.50 6879888
1.39 6881088
1.52 6882280
5.00 6883452
5.00 6884644
5.00 6885836
5.00 6887036
5.00 6888212
4.96 6889408
0.00 6890564
0.00 6891756
0.00 6894132
0.00 6895324
0.18 6896556
0.34 6897732
0.89 6898924
1.34 6900128
1.60 6901320
1.66 6902496
5.00 6903684
5.00 6904888
5.00 6906076
5.00 6907252
5.00 6908444
2.70 6909644
0.00 6910796
0.00 6911980
0.00 6913172
0.00 6914364
0.02 6915596
0.33 6916772
0.53 6917964
0.87 6919156
1.35 6920360
1.48 6921536
2.41 6922728
5.00 6923916
5.00 6925116
5.00 6926292
5.00 6927484
5.00 6928676
0.57 6929876
0.00 6931020
0.00 6932212
0.00 6933404
0.00 6934596
0.14 6935812
0.35 6937004
0.46 6938196
1.33 6939396
1.40 6940576
1.64 6941768
4.23 6942968
5.00 6944156
5.00 6945332
5.00 6946524
5.00 6947716
5.00 6948920
0.00 6950060
0.00 6951252
0.00 6952444
0.00 6953636
0.00 6954820
0.00 6956012
0.26 6957236
0.68 6958436
0.96 6959612
1.44 6960804
1.63 6962008
5.00 6963196
5.00 6964388
5.00 6965564
5.00 6966756
5.00 6967956
5.00 6969132
0.00 6970292
0.00 6971484
0.00 6972676
0.00 6973860
0.08 6975084
0.03 6976276
0.28 6977476
0.65 6978652
1.45 6979844
1.44 6981048
1.61 6982240
5.00 6983412
5.00 6984604
5.00 6985796
5.00 6986996
5.00 6988172
5.00 6989364
0.00 6991716
0.00 6992908
0.00 6994092
0.00 6995284
0.05 6996516
0.39 6997692
0.80 6998884
1.23 7000092
1.49 7001280
1.54 7002456
5.00 7003644
5.00 7004836
5.00 7006036
5.00 7007212
5.00 7008404
3.08 7009608
0.00 7010756
0.00 7011940
0.00 7013132
0.00 7014324
0.00 7015516
0.43 7016732
0.19 7017924
0.90 7019116
1.33 7020320
1.52 7021496
2.14 7022688
5.00 7023876
5.00 7025076
5.00 7026252
5.00 7027444
5.00 7028636
0.83 7029836
0.00 7030980
0.00 7032172
0.00 7033364
0.00 7034556
0.00 7035740
0.00 7036940
0.25 7038156
0.97 7039356
1.33 7040532
1.53 7041728
3.93 7042928
5.00 7044124
5.00 7045292
5.00 7046484
5.00 7047676
5.00 7048876
0.00 7050020
0.00 7051212
0.00 7052404
0.00 7053596
0.00 7054780
0.07 7056004
0.25 7057196
0.50 7058396
1.15 7059572
1.38 7060764
1.54 7061968
5.00 7063156
5.00 7064332
5.00 7065524
5.00 7066716
5.00 7067916
5.00 7069092
0.00 7070252
0.00 7071444
0.00 7072636
0.00 7073820
0.00 7075012
0.06 7076236
0.21 7077436
0.64 7078612
1.33 7079804
1.37 7081012
1.52 7082200
5.00 7083372
5.00 7084564
5.00 7085756
5.00 7086956
5.00 7088148
5.00 7089324
0.00 7090484
0.00 7091676
0.00 7094052
0.00 7095244
0.02 7096476
0.35 7097652
0.84 7098844
1.30 7100044
1.62 7101240
1.35 7102412
5.00 7103604
5.00 7104796
5.00 7105996
5.00 7107172
5.00 7108364
3.73 7109568
0.00 7110716
0.00 7111900
0.00 7113092
0.00 7114284
0.00 7115476
0.19 7116692
0.14 7117884
0.82 7119076
1.29 7120280
1.53 7121456
1.92 7122644
5.00 7123836
5.00 7125044
5.00 7126212
5.00 7127404
5.00 7128596
1.23 7129796
0.00 7130940
0.00 7132132
0.00 7133324
0.00 7134516
0.00 7135700
0.19 7136924
0.45 7138116
1.17 7139308
1.29 7140492
1.66 7141688
3.67 7142888
5.00 7144076
5.00 7145252
5.00 7146444
5.00 7147636
5.00 7148836
0.00 7149980
0.00 7151172
0.00 7152364
0.00 7153556
0.00 7154740
0.00 7155932
0.34 7157156
0.66 7158348
1.07 7159532
1.42 7160724
1.64 7161928
5.00 7163116
5.00 7164292
5.00 7165484
5.00 7166676
5.00 7167876
5.00 7169068
0.00 7170212
0.00 7171404
0.00 7172596
0.00 7173780
0.00 7174972
0.10 7176212
0.37 7177396
0.61 7178572
1.12 7179764
1.55 7180968
1.64 7182160
5.00 7183332
5.00 7184524
5.00 7185716
5.00 7186916
5.00 7188092
5.00 7189284
0.00 7190444
0.00 7191636
0.00 7192820
0.00 7194012
0.00 7195204
0.05 7196436
0.01 7197612
0.61 7198804
1.12 7199996
1.43 7201196
1.52 7202376
5.00 7204756
5.00 7205956
5.00 7207132
5.00 7208324
4.12 7209524
0.00 7210676
0.00 7211860
0.00 7213052
0.00 7214244
0.00 7215436
0.23 7216652
0.35 7217844
0.63 7219036
1.14 7220244
1.17 7221428
1.39 7222608
5.00 7223796
5.00 7224996
5.00 7226172
5.00 7227364
5.00 7228556
1.87 7229760
0.00 7230900
0.00 7232092
0.00 7233284
0.00 7234476
0.00 7235660
0.00 7236852
0.01 7238076
0.55 7239276
0.91 7240452
1.12 7241644
2.61 7242844
5.00 7244036
5.00 7245212
5.00 7246404
5.00 7247596
5.00 7248796
0.56 7249972
0.00 7251132
0.00 7252324
0.00 7253516
0.00 7254700
0.00 7255892
0.00 7257084
0.00 7258276
0.03 7259492
0.13 7260684
0.22 7261876
0.36 7263076
0.71 7264252
1.78 7265464
2.85 7266648
3.15 7267836
3.36 7269016
3.41 7270208
3.37 7271408
3.34 7272600
3.28 7273772
3.22 7274968
3.16 7276168
3.09 7277360
3.03 7278536
2.97 7279728
2.91 7280924
2.86 7282116
2.86 7283292
2.99 7284488
3.19 7285688
3.41 7286880
3.58 7288056
3.71 7289248
3.72 7290448
3.58 7291640
3.28 7292816
2.97 7294008
2.72 7295208
2.52 7296396
2.35 7297572
2.22 7298768
2.12 7299968
2.03 7301164
1.95 7302336
1.98 7303528
2.26 7304728
2.69 7305916
3.12 7307096
3.45 7308284
3.70 7309496
3.52 7311856
3.17 7313044
2.83 7314244
2.57 7315436
2.38 7316616
2.22 7317808
2.09 7319008
2.00 7320200
1.93 7321372
1.87 7322576
1.96 7323768
2.24 7324960
2.63 7326132
2.99 7327328
3.26 7328528
3.42 7329720
3.35 7330896
3.10 7332088
2.76 7333284
2.47 7334480
2.29 7335656
2.15 7336848
2.04 7338044
1.96 7339240
1.90 7340412
1.85 7341616
1.83 7342808
1.96 7344000
2.23 7345188
2.57 7346364
2.84 7347564
3.03 7348760
3.12 7349936
3.01 7351128
2.76 7352332
2.47 7353520
2.27 7354692
2.13 7355888
2.03 7357088
1.95 7358280
1.89 7359452
1.85 7360656
1.82 7361848
1.82 7363040
1.96 7364216
2.19 7365404
2.45 7366608
2.63 7367796
2.76 7368972
2.79 7370164
2.66 7371364
2.45 7372560
2.23 7373732
2.09 7374924
2.00 7376128
1.94 7377320
1.88 7378492
1.85 7379688
1.82 7380888
1.80 7382080
1.82 7383256
1.94 7384448
2.10 7385648
2.25 7386840
2.35 7388012
2.41 7389220
2.39 7390408
2.29 7391600
2.14 7392776
2.02 7393968
1.96 7395168
1.93 7396364
1.90 7397552
1.88 7398724
1.87 7399928
1.86 7401120
1.85 7402296
1.89 7403484
2.03 7404676
2.28 7405880
2.53 7407052
2.69 7408248
2.79 7409448
2.75 7410640
2.55 7411812
1.94 7414208
1.74 7415400
1.62 7416576
1.54 7417776
1.49 7418968
1.46 7420160
1.44 7421336
1.44 7422524
1.51 7423728
1.74 7424920
2.09 7426108
2.40 7427288
2.60 7428484
2.69 7429680
2.59 7430852
2.28 7432048
1.87 7433256
1.53 7434440
1.34 7435612
1.24 7436804
1.18 7437996
1.14 7439196
1.13 7440372
1.14 7441580
1.15 7442756
1.30 7443956
1.64 7445136
2.07 7446324
2.41 7447528
2.59 7448716
2.65 7449892
2.47 7451088
2.03 7452288
1.44 7453480
1.09 7454652
0.95 7455844
0.87 7457036
0.82 7458236
0.36 7459412
0.34 7460604
0.47 7461796
1.39 7463000
5.00 7464172
5.00 7465364
5.00 7466556
5.00 7467756
4.47 7468932
0.81 7470136
0.00 7471284
0.00 7472476
0.00 7473660
0.00 7474852
0.00 7476044
0.00 7477236
0.05 7478452
0.35 7479644
0.47 7480836
0.53 7482036
2.49 7483216
5.00 7484404
5.00 7485612
5.00 7486796
4.63 7487976
3.97 7489168
0.00 7490324
0.00 7491516
0.00 7492700
0.00 7493892
0.00 7495084
0.01 7496316
0.01 7497492
0.26 7498684
0.57 7499876
0.65 7501068
0.69 7502252
3.91 7503444
5.00 7504636
5.00 7505836
5.00 7507012
4.42 7508204
3.63 7509408
0.00 7510556
0.00 7511740
0.00 7512932
0.00 7514128
0.09 7516532
0.19 7517724
0.41 7518916
0.61 7520116
0.68 7521308
0.71 7522484
5.00 7523676
5.00 7524876
5.00 7526052
5.00 7527244
4.29 7528452
2.53 7529636
0.00 7530780
0.00 7531972
0.00 7533164
0.00 7534356
0.00 7535540
0.00 7536732
0.00 7537924
0.23 7539156
0.43 7540332
0.60 7541524
1.05 7542716
5.00 7543916
5.00 7545092
5.00 7546284
5.00 7547476
4.60 7548680
1.46 7549852
0.00 7551012
0.00 7552204
0.00 7553396
0.00 7554580
0.00 7555772
0.00 7556964
0.27 7558200
0.63 7559372
0.81 7560564
0.90 7561756
2.30 7562960
5.00 7564132
5.00 7565340
5.00 7566516
5.00 7567716
4.27 7568896
0.11 7570084
0.00 7571244
0.00 7572436
0.00 7573628
0.00 7574812
0.50 7576036
0.84 7577236
0.90 7578412
1.46 7579608
1.61 7580808
1.75 7582000
3.82 7583172
5.00 7584364
5.00 7585556
5.00 7586756
5.00 7587932
4.49 7589128
0.00 7590284
0.00 7591476
0.00 7592660
0.00 7593852
0.65 7595076
1.12 7596276
1.54 7597456
1.95 7598648
2.47 7599848
2.43 7601040
2.53 7602228
5.00 7603404
5.00 7604596
5.00 7605796
5.00 7606972
5.00 7608164
4.80 7609372
0.00 7610516
0.00 7611700
0.00 7612892
0.00 7614084
0.93 7615316
1.30 7616492
1.45 7617684
1.81 7618888
2.24 7620080
2.33 7622448
5.00 7623636
5.00 7624836
5.00 7626012
5.00 7627204
5.00 7628396
3.48 7629600
0.00 7630740
0.00 7631932
0.00 7633124
0.00 7634316
0.36 7635532
1.13 7636724
1.32 7637928
2.05 7639116
2.34 7640296
2.62 7641484
3.39 7642688
5.00 7643876
5.00 7645052
5.00 7646260
5.00 7647436
5.00 7648636
0.75 7649812
0.00 7650972
0.00 7652164
0.00 7653356
0.00 7654540
0.00 7655732
0.00 7656924
0.00 7658116
0.59 7659332
0.84 7660524
1.10 7661716
4.09 7662916
5.00 7664092
5.00 7665284
5.00 7666476
5.00 7667676
5.00 7668852
0.00 7670012
0.00 7671204
0.00 7672396
0.00 7673580
0.00 7674772
0.00 7675964
0.00 7677156
0.00 7678340
0.00 7679532
0.00 7680724
0.00 7681916
4.13 7683132
5.00 7684324
5.00 7685516
5.00 7686716
5.00 7687892
5.00 7689084
0.00 7690252
0.00 7691436
0.00 7692620
0.00 7693812
0.00 7695004
0.00 7696196
0.00 7697380
0.00 7698572
0.00 7699764
0.00 7700956
0.00 7702140
5.00 7703364
5.00 7704556
5.00 7705756
5.00 7706932
5.00 7708124
5.00 7709316
0.00 7710476
0.00 7711660
0.00 7712852
0.00 7714044
0.00 7715236
0.00 7716420
0.00 7717612
0.00 7718804
0.14 7720036
0.46 7721212
0.52 7722404
5.00 7723596
5.00 7724796
5.00 7725972
5.00 7727164
4.50 7729560
0.00 7730700
0.00 7731892
0.00 7733084
0.00 7734284
0.00 7735460
0.00 7736652
0.00 7737844
0.00 7739036
0.31 7740252
0.72 7741460
1.20 7742636
5.00 7743836
5.00 7745012
5.00 7746204
5.00 7747396
5.00 7748596
2.30 7749776
0.00 7750932
0.00 7752124
0.00 7753316
0.00 7754500
0.00 7755692
0.00 7756884
0.08 7758116
0.48 7759292
0.93 7760484
1.14 7761676
2.81 7762880
5.00 7764052
5.00 7765244
5.00 7766436
5.00 7767636
5.00 7768812
0.09 7770004
0.00 7771164
0.00 7772356
0.00 7773540
0.00 7774732
0.80 7775956
1.33 7777156
1.69 7778348
2.28 7779528
2.44 7780728
2.60 7781916
4.72 7783092
5.00 7784284
5.00 7785492
5.00 7786676
5.00 7787852
5.00 7789044
4.81 7790248
4.24 7791440
3.65 7792616
3.37 7793808
3.32 7795008
3.29 7796200
3.26 7797376
3.23 7798568
3.21 7799764
3.18 7800960
3.16 7802132
3.17 7803324
3.21 7804524
3.19 7805720
3.15 7806892
3.10 7808088
3.06 7809288
2.97 7810480
2.90 7811652
2.86 7812844
2.88 7814048
2.89 7815240
2.88 7816412
2.87 7817604
2.86 7818808
2.85 7819996
2.84 7821172
2.83 7822380
2.88 7823568
2.96 7824760
2.99 7825936
2.99 7827128
2.97 7828328
2.94 7829524
2.83 7830708
2.74 7831884
2.67 7833084
2.67 7834276
2.67 7835452
2.67 7836644
2.67 7839036
2.66 7840212
2.66 7841404
2.66 7842596
2.71 7843800
2.76 7844972
2.76 7846168
2.74 7847364
2.71 7848560
2.68 7849732
2.61 7850924
2.55 7852116
2.53 7853316
2.55 7854492
2.56 7855684
2.57 7856876
2.57 7858076
2.57 7859252
2.56 7860444
2.56 7861636
2.57 7862836
2.63 7864012
2.67 7865204
2.67 7866412
2.64 7867600
2.62 7868772
2.59 7869964
2.51 7871156
2.46 7872360
2.45 7873548
2.48 7874744
2.49 7875928
2.50 7877120
2.50 7878296
2.50 7879484
2.50 7880688
2.50 7881880
2.52 7883052
2.59 7884244
2.61 7885444
2.61 7886636
2.58 7887812
2.56 7889004
2.51 7890196
2.45 7891400
2.42 7892576
2.43 7893768
2.45 7894968
2.46 7896160
2.46 7897336
2.46 7898528
2.47 7899728
2.47 7900920
2.47 7902096
2.50 7903296
2.54 7904476
2.55 7905676
2.54 7906852
2.52 7908044
2.51 7909236
2.45 7910444
2.42 7911616
2.40 7912808
2.41 7914008
2.43 7915200
2.43 7916376
2.44 7917580
2.44 7918776
2.44 7919960
2.44 7921136
2.44 7922328
2.48 7923528
2.50 7924716
2.51 7925892
2.50 7927096
2.48 7928288
2.47 7929480
2.42 7930656
2.39 7931848
2.39 7933048
2.40 7934240
2.41 7935416
2.42 7936608
2.42 7937808
2.42 7939000
2.43 7940176
2.43 7941368
2.43 7942568
2.46 7943760
2.48 7944936
2.49 7946136
2.47 7947328
2.44 7949696
2.39 7950888
2.37 7952088
2.37 7953280
2.39 7954468
2.40 7955648
2.40 7956848
2.40 7958040
2.41 7959216
2.41 7960408
2.41 7961612
2.42 7962800
2.45 7963976
2.47 7965168
2.47 7966368
2.45 7967560
2.44 7968736
2.42 7969928
2.39 7971128
2.37 7972320
2.37 7973492
2.39 7974688
2.39 7975888
2.40 7977080
2.40 7978256
2.40 7979448
2.40 7980648
2.40 7981840
2.41 7983016
2.45 7984208
2.46 7985408
2.46 7986600
2.44 7987776
2.43 7988968
2.40 7990168
2.37 7991360
2.35 7992532
2.36 7993728
2.38 7994928
2.38 7996120
2.39 7997292
2.39 7998500
2.39 7999688
2.39 8000880
2.39 8002056
2.41 8003248
2.44 8004448
2.45 8005644
2.44 8006832
2.43 8008008
2.42 8009208
2.38 8010400
2.35 8011572
2.34 8012768
2.35 8013964
2.36 8015160
2.37 8016332
2.37 8017528
2.38 8018728
2.38 8019920
2.38 8021096
2.38 8022288
2.41 8023488
2.44 8024680
2.45 8025856
2.43 8027048
2.41 8028248
2.40 8029440
2.36 8030612
2.34 8031808
2.34 8033008
2.35 8034200
2.36 8035388
2.37 8036564
2.37 8037768
2.37 8038960
2.37 8040136
2.37 8041328
2.37 8042532
2.41 8043720
2.44 8044896
2.44 8046088
2.42 8047288
2.50 8048480
2.62 8049652
1.87 8052048
1.26 8053236
0.96 8054412
0.89 8055604
0.91 8056796
0.96 8057996
1.03 8059172
1.12 8060364
1.21 8061556
1.92 8062760
5.00 8063932
5.00 8065124
5.00 8066316
5.00 8067516
5.00 8068692
1.26 8069884
0.00 8071044
0.00 8072236
0.00 8073420
0.00 8074612
0.00 8075804
0.00 8076996
0.30 8078212
0.86 8079416
1.14 8080596
1.30 8081800
3.64 8082976
5.00 8084164
5.00 8085356
5.00 8086564
5.00 8087732
5.00 8088924
0.00 8090084
0.00 8091276
0.00 8092460
0.00 8093652
0.00 8094852
0.31 8096076
1.06 8097252
1.68 8098448
2.32 8099648
2.65 8100840
2.58 8102012
5.00 8103204
5.00 8104396
5.00 8105596
5.00 8106772
5.00 8107964
5.00 8109156
0.00 8110316
0.00 8111500
0.00 8112692
0.00 8113884
0.00 8115076
0.00 8116260
0.00 8117452
0.00 8118644
0.08 8119876
0.00 8121020
0.00 8122212
5.00 8123448
5.00 8124636
5.00 8125812
5.00 8127004
5.00 8128196
5.00 8129396
0.00 8130540
0.00 8131732
0.00 8132924
0.00 8134116
0.00 8135300
0.00 8136492
0.00 8137684
0.00 8138876
0.01 8140092
0.00 8141252
0.00 8142444
5.00 8143676
5.00 8144852
5.00 8146044
5.00 8147236
5.00 8148436
2.85 8149612
0.00 8150772
0.00 8151964
0.00 8153156
0.00 8154340
0.00 8155532
0.00 8156724
0.00 8159100
0.00 8160292
0.00 8161484
0.29 8162716
0.94 8163892
1.09 8165084
1.20 8166276
1.27 8167480
1.35 8168652
0.90 8169844
0.25 8171036
0.00 8172196
0.00 8173380
0.00 8174572
0.00 8175764
0.00 8176956
0.00 8178140
0.11 8179364
0.17 8180556
0.23 8181756
0.66 8182948
1.08 8184124
1.20 8185316
1.30 8186520
1.38 8187696
1.45 8188884
0.87 8190076
0.77 8191276
0.79 8192452
0.83 8193644
0.87 8194836
0.91 8196036
0.94 8197212
0.97 8198404
1.00 8199596
1.03 8200796
1.06 8201972
1.28 8203164
1.40 8204368
1.47 8205560
1.51 8206736
1.54 8207936
1.57 8209128
1.47 8210320
1.41 8211508
1.35 8212684
1.34 8213884
1.34 8215080
1.34 8216252
1.34 8217448
1.35 8218652
1.36 8219840
1.37 8221012
1.38 8222208
1.46 8223408
1.52 8224600
1.57 8225772
1.63 8226968
1.68 8228168
1.73 8229360
1.69 8230536
1.72 8231736
1.74 8232928
1.76 8234120
1.79 8235296
1.81 8236488
1.82 8237688
1.83 8238880
1.84 8240056
1.84 8241256
1.85 8242448
1.91 8243640
1.93 8244816
1.95 8246008
1.96 8247208
1.96 8248400
1.96 8249576
1.93 8250768
1.93 8251968
1.92 8253160
1.91 8254336
1.90 8255540
1.89 8256724
1.87 8257920
1.86 8259096
1.85 8260296
1.85 8261488
1.85 8262684
1.88 8263852
1.89 8265044
1.90 8266248
1.92 8267436
1.93 8268616
1.93 8269808
1.92 8271008
1.92 8273372
1.92 8274564
1.91 8275768
1.91 8276960
1.89 8278132
1.88 8279324
1.87 8280528
1.87 8281720
1.87 8282896
1.91 8284084
1.94 8285288
1.97 8286480
2.00 8287652
2.05 8288844
2.05 8290044
2.06 8291240
2.05 8292412
2.04 8293604
2.03 8294796
2.02 8296000
2.00 8297176
1.98 8298368
1.97 8299572
1.96 8300760
1.95 8301936
1.96 8303128
1.99 8304328
2.03 8305520
2.07 8306708
2.10 8307888
2.14 8309088
2.14 8310280
2.14 8311456
2.13 8312648
2.11 8313848
2.09 8315040
2.07 8316212
2.04 8317404
2.02 8318608
2.01 8319800
1.99 8320976
1.98 8322168
2.01 8323368
2.04 8324556
2.08 8325732
2.12 8326928
2.17 8328128
2.21 8329320
2.19 8330492
2.19 8331684
2.18 8332888
2.16 8334080
2.14 8335256
2.12 8336448
2.10 8337648
2.08 8338840
2.06 8340012
2.05 8341204
2.03 8342408
2.08 8343604
2.10 8344772
2.13 8345968
2.16 8347168
2.19 8348356
2.21 8349532
2.18 8350744
2.18 8351928
2.17 8353120
2.17 8354296
2.15 8355488
2.14 8356688
2.12 8357880
2.11 8359052
2.10 8360248
2.09 8361444
2.09 8362640
2.16 8363816
2.22 8365008
2.27 8366208
2.31 8367400
2.34 8368576
2.31 8369764
2.22 8372160
2.19 8373332
2.17 8374528
2.17 8375728
2.16 8376920
2.15 8378096
1.98 8379288
1.96 8380488
1.95 8381680
2.14 8382856
5.00 8384044
5.00 8385236
5.00 8386436
5.00 8387628
5.00 8388804
0.30 8389996
0.00 8391156
0.00 8392340
0.00 8393532
0.00 8394724
0.00 8395916
0.00 8397100
0.62 8398324
1.40 8399528
1.80 8400720
2.32 8401896
4.93 8403088
5.00 8404276
5.00 8405476
5.00 8406652
4.91 8407848
4.62 8409048
0.00 8410196
0.00 8411380
0.00 8412572
0.53 8413796
1.92 8415000
2.29 8416176
2.50 8417376
2.72 8418568
2.97 8419760
2.99 8420936
3.00 8422128
3.75 8423316
5.00 8424516
5.00 8425692
5.00 8426884
5.00 8428076
4.52 8429280
0.31 8430452
0.00 8431612
0.00 8432804
0.24 8434036
1.05 8435212
1.17 8436404
1.31 8437604
1.44 8438804
1.56 8439992
1.65 8441168
1.74 8442368
1.96 8443560
2.46 8444736
2.80 8445928
3.03 8447128
3.13 8448316
3.15 8449492
3.03 8450688
2.76 8451888
2.45 8453080
2.29 8454256
2.27 8455444
2.26 8456648
2.27 8457840
2.26 8459016
2.26 8460208
2.26 8461408
2.26 8462600
2.29 8463772
2.31 8464964
2.31 8466168
2.29 8467360
2.28 8468536
2.27 8469724
2.23 8470928
2.21 8472120
2.21 8473292
2.22 8474488
2.23 8475692
2.24 8478056
2.24 8479244
2.24 8480448
2.24 8481640
2.24 8482816
2.27 8484024
2.28 8485208
2.28 8486400
2.27 8487576
2.26 8488768
2.25 8489968
2.22 8491160
2.21 8492332
2.21 8493524
2.22 8494728
2.22 8495920
2.23 8497092
2.23 8498284
2.23 8499484
2.23 8500676
2.23 8501852
2.24 8503048
2.29 8504248
2.32 8505440
2.32 8506616
2.30 8507808
2.30 8509008
2.26 8510200
2.21 8511372
2.18 8512568
2.18 8513768
2.20 8514960
2.21 8516132
2.21 8517328
2.21 8518528
2.22 8519724
2.22 8520896
2.22 8522088
2.24 8523288
2.28 8524480
2.30 8525656
2.29 8526848
2.28 8528056
2.27 8529240
2.23 8530412
2.20 8531604
2.19 8532804
2.20 8534000
2.21 8535172
2.21 8536364
2.21 8537568
2.21 8538760
2.21 8539936
2.22 8541124
2.21 8542328
2.25 8543520
2.28 8544692
2.29 8545888
2.28 8547088
2.27 8548280
2.26 8549456
2.22 8550648
2.19 8551844
2.19 8553036
2.20 8554212
2.21 8555404
2.21 8556608
2.21 8557800
2.21 8558972
2.22 8560164
2.22 8561368
2.22 8562560
2.27 8563748
2.29 8564924
2.29 8566128
2.28 8567320
2.27 8568496
2.25 8569688
2.21 8570892
2.19 8572076
2.19 8573252
2.20 8574448
2.21 8575648
2.21 8576840
2.21 8578012
2.22 8579204
2.22 8580408
2.22 8581600
2.28 8583964
2.29 8585168
2.29 8586360
2.28 8587536
2.27 8588728
2.24 8589928
2.20 8591120
2.18 8592296
2.18 8593496
2.20 8594688
2.21 8595880
2.21 8597056
2.22 8598248
2.22 8599448
2.23 8600640
2.23 8601812
2.25 8603004
2.29 8604208
2.30 8605400
2.30 8606576
2.28 8607780
2.28 8608968
2.23 8610160
2.20 8611332
2.18 8612536
2.19 8613724
2.21 8614924
2.22 8616112
2.22 8617288
2.23 8618484
2.23 8619680
2.23 8620856
2.24 8622044
2.26 8623248
2.30 8624440
2.31 8625612
2.30 8626808
2.28 8628008
2.28 8629200
2.23 8630372
2.20 8631564
2.19 8632756
2.20 8633960
2.21 8635136
2.22 8636328
2.23 8637528
2.24 8638720
2.24 8639896
2.24 8641088
2.24 8642288
2.27 8643480
2.30 8644668
2.31 8645848
2.29 8647048
2.28 8648240
2.27 8649412
2.22 8650608
2.21 8651812
2.20 8653000
2.22 8654176
2.23 8655368
2.24 8656568
2.24 8657760
2.25 8658936
2.25 8660144
2.25 8661328
2.25 8662520
2.29 8663692
2.31 8664888
2.31 8666088
2.29 8667280
2.28 8668456
2.26 8669648
2.22 8670848
2.19 8672036
2.19 8673212
2.21 8674404
2.23 8675608
2.23 8676800
2.24 8677976
2.23 8679168
2.21 8680368
2.20 8681560
2.21 8682736
2.45 8683928
2.84 8685124
5.00 8686316
5.00 8687492
5.00 8688696
0.00 8691036
0.00 8692220
0.00 8693412
0.00 8694604
0.20 8695844
0.19 8697012
0.30 8698204
0.84 8699396
1.12 8700596
1.17 8701772
3.71 8702968
5.00 8704172
5.00 8705356
5.00 8706532
5.00 8707724
5.00 8708916
0.00 8710076
0.00 8711260
0.00 8712452
0.00 8713644
0.22 8714876
0.65 8716052
1.25 8717244
1.78 8718448
2.54 8719636
2.88 8720812
2.94 8722004
5.00 8723196
5.00 8724396
5.00 8725572
5.00 8726764
5.00 8727956
5.00 8729156
0.00 8730300
0.00 8731492
0.00 8732688
0.00 8733876
0.00 8735060
0.00 8736252
0.00 8737444
0.00 8738636
0.26 8739868
0.24 8741044
0.07 8742236
5.00 8743436
5.00 8744612
5.00 8745804
5.00 8746996
5.00 8748196
5.00 8749372
0.00 8750532
0.00 8751724
0.00 8752916
0.00 8754100
0.00 8755292
0.00 8756484
0.00 8757676
0.00 8758860
0.00 8760084
0.05 8761276
0.00 8762436
5.00 8763652
5.00 8764844
4.97 8766048
4.80 8767240
4.69 8768416
4.33 8769608
3.35 8770808
2.52 8771996
1.78 8773176
1.56 8774364
1.51 8775568
1.48 8776764
1.43 8777932
1.42 8779124
1.40 8780328
1.41 8781516
1.50 8782696
2.10 8783900
2.24 8785088
2.39 8786280
2.52 8787452
2.63 8788644
2.45 8789848
2.06 8791040
1.88 8793404
1.82 8794608
1.74 8795800
1.70 8796976
1.65 8798168
1.63 8799368
1.60 8800560
1.57 8801732
1.69 8802928
2.05 8804128
2.24 8805320
2.40 8806496
2.52 8807684
2.62 8808876
2.38 8810080
2.20 8811252
2.07 8812444
1.97 8813648
1.89 8814840
1.83 8816016
1.77 8817208
1.73 8818408
1.70 8819600
1.67 8820788
1.65 8821968
1.73 8823168
1.89 8824360
2.06 8825532
2.21 8826724
2.33 8827932
2.43 8829120
2.33 8830296
2.19 8831484
2.04 8832684
1.96 8833880
1.89 8835052
1.84 8836248
1.79 8837448
1.75 8838640
1.74 8839816
1.71 8841016
1.69 8842208
1.82 8843400
1.96 8844572
2.09 8845764
2.23 8846968
2.36 8848160
2.45 8849336
2.32 8850528
2.18 8851728
2.03 8852916
1.94 8854092
1.87 8855296
1.81 8856488
1.75 8857680
1.72 8858856
1.69 8860048
1.66 8861248
1.64 8862440
1.81 8863616
1.96 8864820
2.14 8866008
2.39 8867200
2.54 8868372
2.59 8869564
2.25 8870768
2.10 8871964
1.98 8873136
1.89 8874324
1.82 8875528
1.77 8876720
1.71 8877896
1.67 8879088
1.64 8880288
1.61 8881480
1.61 8882656
2.01 8883844
2.23 8885044
2.40 8886240
2.54 8887412
2.65 8888608
2.55 8889796
2.27 8891000
2.11 8892176
1.97 8893368
1.89 8894564
1.81 8895760
1.74 8896936
1.69 8898128
1.65 8899328
1.60 8900520
1.57 8901692
1.75 8902888
2.27 8904088
2.41 8905280
2.66 8907644
2.77 8908852
2.27 8910040
2.03 8911212
1.79 8912408
1.59 8913608
1.52 8914800
1.46 8915988
1.41 8917164
1.37 8918364
1.35 8919560
1.34 8920732
1.31 8921924
1.60 8923128
5.00 8924316
5.00 8925492
5.00 8926684
5.00 8927876
5.00 8929076
0.00 8930220
0.00 8931412
0.00 8932604
0.00 8933796
0.00 8934980
0.00 8936172
0.00 8937364
0.00 8938556
0.02 8939772
0.00 8940932
0.00 8942156
4.17 8943360
5.00 8944532
5.00 8945724
5.00 8946916
5.00 8948116
4.96 8949296
0.00 8950452
0.00 8951644
0.00 8952844
0.54 8954052
1.90 8955244
2.19 8956444
2.22 8957640
2.22 8958816
2.26 8960020
2.28 8961208
2.29 8962400
2.34 8963576
2.58 8964764
2.62 8965964
2.60 8967156
2.57 8968332
2.54 8969524
2.50 8970728
2.47 8971920
2.45 8973096
2.45 8974288
2.44 8975488
2.43 8976680
2.42 8977856
2.41 8979048
2.41 8980248
2.40 8981440
2.39 8982616
2.41 8983808
2.42 8985008
2.41 8986200
2.40 8987376
2.39 8988568
2.37 8989768
2.35 8990960
2.34 8992136
2.33 8993328
2.34 8994528
2.34 8995720
2.34 8996908
2.34 8998096
2.34 8999288
2.34 9000480
2.34 9001656
2.34 9002848
2.36 9004052
2.37 9005240
2.37 9006412
2.35 9007604
2.35 9008808
2.33 9010000
2.32 9011176
2.30 9012368
2.31 9013568
2.31 9014760
2.32 9015936
2.32 9017128
2.32 9018328
2.32 9019520
2.32 9020696
2.32 9021888
2.32 9023088
2.34 9024280
2.35 9025452
2.34 9026656
2.33 9027848
2.33 9029040
2.31 9030212
2.30 9031408
2.29 9032608
2.30 9034976
2.30 9036168
2.31 9037368
2.31 9038560
2.31 9039736
2.31 9040940
2.31 9042128
2.32 9043320
2.34 9044496
2.34 9045688
2.34 9046888
2.33 9048084
2.33 9049272
2.30 9050448
2.29 9051648
2.29 9052840
2.29 9054016
2.30 9055208
2.30 9056408
2.30 9057600
2.30 9058776
2.30 9059968
2.30 9061168
2.31 9062360
2.32 9063536
2.33 9064728
2.33 9065928
2.33 9067120
2.32 9068296
2.32 9069488
2.29 9070688
2.28 9071880
2.28 9073056
2.29 9074244
2.29 9075448
2.30 9076640
2.30 9077816
2.30 9079008
2.30 9080208
2.30 9081400
2.31 9082572
2.33 9083768
2.33 9084972
2.34 9086160
2.33 9087336
2.33 9088528
2.31 9089728
2.29 9090920
2.28 9092096
2.28 9093304
2.29 9094488
2.29 9095680
2.29 9096856
2.30 9098048
2.30 9099248
2.30 9100440
2.30 9101616
2.31 9102808
2.33 9104008
2.34 9105200
2.34 9106376
2.33 9107568
2.33 9108768
2.31 9109960
2.28 9111136
2.27 9112324
2.27 9113528
2.29 9114720
2.30 9115896
2.30 9117088
2.30 9118288
2.31 9119480
2.31 9120656
2.31 9121848
2.32 9123048
2.35 9124236
2.35 9125412
2.35 9126604
2.34 9127808
2.34 9129004
2.30 9130176
2.28 9131368
2.27 9132568
2.27 9133760
2.29 9134936
2.30 9137336
2.30 9138520
2.31 9139692
2.30 9140888
2.31 9142088
2.32 9143280
2.34 9144456
2.35 9145644
2.35 9146844
2.34 9148040
2.33 9149216
2.29 9150408
2.27 9151608
2.27 9152800
2.27 9153976
2.29 9155164
2.29 9156368
2.30 9157560
2.30 9158736
2.30 9159928
2.30 9161128
2.30 9162320
2.32 9163496
2.34 9164688
2.34 9165888
2.34 9167080
2.33 9168256
2.32 9169448
2.29 9170648
2.27 9171840
2.27 9173028
2.28 9174208
2.29 9175408
2.30 9176600
2.30 9177776
2.30 9178968
2.30 9180172
2.31 9181360
2.31 9182536
2.33 9183728
2.34 9184928
2.35 9186116
2.34 9187296
2.33 9188488
2.32 9189688
2.29 9190880
2.27 9192052
2.27 9193244
2.29 9194448
2.29 9195640
2.30 9196816
2.30 9198008
2.30 9199208
2.30 9200400
2.30 9201576
2.31 9202768
2.33 9203968
2.34 9205160
2.34 9206336
2.33 9207528
2.33 9208728
2.31 9209920
2.28 9211096
2.27 9212284
2.27 9213488
2.28 9214680
2.29 9215856
2.29 9217060
2.29 9218248
2.30 9219440
2.30 9220616
2.30 9221808
2.31 9223008
2.33 9224204
2.34 9225392
2.34 9226568
2.33 9227768
2.32 9228960
2.30 9230136
2.27 9231328
2.26 9232528
2.27 9233720
2.28 9234896
2.29 9236084
2.29 9237288
2.29 9239656
2.29 9240848
2.30 9242048
2.31 9243240
2.33 9244416
2.33 9245608
2.33 9246808
2.32 9248000
2.32 9249176
2.29 9250368
2.27 9251564
2.27 9252760
2.27 9253948
2.28 9255128
2.28 9256328
2.29 9257520
2.29 9258696
2.29 9259888
2.29 9261092
2.29 9262280
2.31 9263456
2.32 9264648
2.32 9265848
2.32 9267040
2.31 9268216
2.31 9269424
2.28 9270608
2.27 9271800
2.27 9272972
2.27 9274164
2.28 9275368
2.29 9276560
2.29 9277732
2.29 9278928
2.29 9280128
2.29 9281320
2.29 9282496
2.31 9283688
2.32 9284888
2.33 9286080
2.32 9287256
2.31 9288448
2.30 9289648
2.28 9290840
2.27 9292012
2.26 9293208
2.27 9294408
2.26 9295600
2.23 9296772
2.20 9297980
2.20 9299168
2.19 9300360
2.18 9301536
2.18 9302736
5.00 9303916
5.00 9305124
5.00 9306292
4.85 9307488
4.12 9308684
1.20 9309876
0.00 9311020
0.00 9312212
0.00 9313412
0.00 9314596
0.00 9315780
0.01 9317004
0.41 9318196
0.68 9319396
0.83 9320572
0.93 9321764
2.59 9322956
5.00 9324156
5.00 9325332
5.00 9326524
5.00 9327716
4.80 9328920
0.00 9330060
0.00 9331252
0.00 9332444
0.00 9333636
0.00 9334820
0.00 9336012
0.00 9337204
0.00 9338396
0.00 9339580
0.00 9340772
0.03 9342008
3.39 9343200
5.00 9345564
5.00 9346756
5.00 9347956
5.00 9349148
4.25 9350328
3.48 9351528
2.80 9352720
2.52 9353892
2.44 9355088
2.39 9356288
2.35 9357476
2.30 9358656
2.27 9359844
2.24 9361048
2.21 9362240
2.31 9363416
2.36 9364604
2.40 9365808
2.44 9367000
2.47 9368176
2.50 9369364
2.43 9370568
2.41 9371760
2.38 9372936
2.34 9374136
2.31 9375328
2.28 9376520
2.25 9377696
2.22 9378888
2.20 9380088
2.18 9381280
2.16 9382456
2.21 9383644
2.24 9384848
2.28 9386044
2.32 9387216
2.35 9388404
2.37 9389608
2.34 9390800
2.32 9391976
2.30 9393180
2.27 9394368
2.25 9395560
2.22 9396736
2.20 9397924
2.18 9399128
2.16 9400324
2.14 9401512
2.14 9402688
2.18 9403888
2.21 9405080
2.24 9406256
2.28 9407444
2.31 9408648
2.31 9409840
2.30 9411016
2.28 9412208
2.26 9413408
2.24 9414600
2.21 9415772
2.19 9416964
2.17 9418168
2.15 9419360
2.13 9420536
2.12 9421728
2.13 9422928
2.17 9424120
2.20 9425296
2.25 9426488
2.29 9427688
2.33 9428880
2.32 9430068
2.31 9431248
2.29 9432448
2.27 9433640
2.24 9434816
2.22 9436008
2.19 9437212
2.17 9438400
2.15 9439576
2.13 9440768
2.12 9441968
2.14 9443160
2.18 9444336
2.22 9445528
2.26 9446728
2.31 9447920
2.35 9449092
2.33 9450288
2.30 9452680
2.27 9453856
2.24 9455048
2.21 9456248
2.19 9457436
2.17 9458616
2.15 9459816
2.13 9461008
2.11 9462200
2.16 9463376
2.19 9464564
2.24 9465768
2.29 9466960
2.33 9468136
2.37 9469328
2.34 9470528
2.32 9471720
2.29 9472896
2.26 9474100
2.23 9475288
2.21 9476480
2.18 9477656
2.16 9478848
2.14 9480048
2.12 9481244
2.11 9482416
2.17 9483608
2.20 9484808
2.26 9486000
2.31 9487176
2.35 9488364
2.38 9489568
2.35 9490760
2.31 9491936
2.27 9493124
2.24 9494328
2.21 9495520
2.17 9496696
2.15 9497896
2.12 9499088
2.10 9500280
2.08 9501452
2.07 9502644
2.16 9503848
2.22 9505040
2.29 9506212
2.35 9507404
2.41 9508608
2.41 9509800
2.38 9510976
2.33 9512168
2.27 9513368
2.22 9514560
2.17 9515736
2.13 9516928
2.09 9518132
2.06 9519320
2.03 9520492
2.01 9521688
2.03 9522876
2.13 9524080
2.22 9525268
2.32 9526448
2.42 9527648
2.52 9528836
2.49 9530016
2.44 9531208
2.34 9532408
2.22 9533600
2.12 9534776
2.03 9535968
1.95 9537168
1.89 9538360
1.82 9539536
1.77 9540736
1.74 9541928
1.83 9543120
2.02 9544296
2.24 9545484
2.49 9546688
2.72 9547880
3.01 9550248
2.88 9551448
2.70 9552636
2.51 9553812
2.35 9555004
2.20 9556208
2.09 9557400
1.99 9558576
1.91 9559768
1.85 9560968
1.80 9562164
1.87 9563336
2.11 9564528
2.40 9565728
2.71 9566920
2.99 9568096
3.23 9569300
3.22 9570488
3.07 9571680
2.84 9572852
2.63 9574044
2.46 9575248
2.31 9576440
2.18 9577616
2.09 9578804
2.02 9580008
1.97 9581200
1.93 9582372
2.10 9583568
2.40 9584768
2.76 9585960
3.10 9587136
3.39 9588328
3.58 9589528
3.48 9590720
3.27 9591896
3.02 9593088
2.84 9594284
2.68 9595480
2.56 9596652
2.44 9597848
2.36 9599048
2.30 9600240
2.26 9601416
2.24 9602608
2.52 9603796
2.83 9604996
3.13 9606188
3.35 9607368
3.54 9608568
3.57 9609760
3.38 9610936
3.10 9612128
2.85 9613332
2.72 9614520
2.58 9615692
2.47 9616888
2.37 9618088
2.32 9619280
2.27 9620452
2.23 9621648
2.30 9622848
2.61 9624036
2.93 9625216
3.24 9626408
3.43 9627608
3.61 9628800
3.56 9629976
3.35 9631168
3.08 9632368
2.88 9633560
2.78 9634736
2.67 9635924
2.57 9637124
2.49 9638320
2.45 9639496
2.41 9640688
2.39 9641888
2.49 9643080
2.82 9644252
3.12 9645456
3.39 9646648
3.56 9647840
3.73 9649016
3.60 9650220
3.14 9652600
2.98 9653776
2.87 9654964
2.76 9656168
2.67 9657364
2.61 9658548
2.56 9659724
2.53 9660916
2.51 9662116
2.67 9663292
2.97 9664488
3.25 9665688
3.48 9666880
3.63 9668056
3.77 9669244
3.59 9670448
3.37 9671640
3.15 9672812
3.01 9674008
2.91 9675208
2.82 9676396
2.74 9677572
2.69 9678764
2.66 9679956
2.64 9681156
2.63 9682332
2.84 9683524
3.10 9684728
3.33 9685920
3.50 9687096
3.64 9688288
3.70 9689488
3.50 9690680
3.30 9691856
3.11 9693048
3.01 9694252
2.91 9695436
2.83 9696612
2.77 9697804
2.72 9699008
2.69 9700200
2.68 9701372
2.69 9702584
2.92 9703768
3.16 9704960
3.39 9706136
3.54 9707328
3.67 9708528
3.67 9709720
3.49 9710896
3.27 9712088
3.07 9713288
2.96 9714480
2.84 9715652
2.74 9716844
2.64 9718048
2.58 9719240
2.52 9720412
2.45 9721608
2.44 9722808
2.64 9723996
2.86 9725172
3.08 9726368
3.21 9727568
3.32 9728760
3.28 9729932
3.13 9731124
2.94 9732328
2.75 9733520
2.61 9734692
2.50 9735884
2.41 9737088
2.35 9738284
2.31 9739456
2.29 9740648
2.27 9741848
2.31 9743040
2.48 9744216
2.70 9745404
2.95 9746616
3.16 9747800
3.33 9748976
3.38 9750168
3.32 9751368
3.19 9752560
2.91 9754924
2.81 9756128
2.73 9757320
2.66 9758492
2.62 9759684
2.59 9760876
2.57 9762076
2.61 9763252
2.73 9764448
2.87 9765644
3.03 9766840
3.16 9768012
3.28 9769204
3.30 9770408
3.26 9771600
3.19 9772772
3.11 9773968
3.04 9775168
2.97 9776360
2.92 9777532
2.87 9778724
2.84 9779924
2.82 9781116
2.80 9782308
2.83 9783484
2.90 9784684
2.99 9785880
3.07 9787056
3.15 9788244
3.22 9789452
3.20 9790640
3.17 9791812
3.12 9793016
3.08 9794208
3.04 9795400
3.00 9796576
2.96 9797768
2.93 9798964
2.91 9800160
2.89 9801336
2.87 9802524
2.92 9803728
2.97 9804920
3.03 9806096
3.08 9807288
3.14 9808484
3.17 9809680
3.15 9810852
3.11 9812048
3.05 9813248
3.02 9814440
2.98 9815616
2.94 9816804
2.90 9818004
2.87 9819200
2.85 9820372
2.83 9821564
2.83 9822756
2.89 9823960
2.95 9825132
3.03 9826340
3.09 9827528
3.16 9828720
3.18 9829896
3.15 9831084
3.10 9832288
3.05 9833484
3.02 9834672
2.97 9835844
2.93 9837048
2.89 9838236
2.86 9839412
2.84 9840604
2.83 9841804
2.83 9842996
2.90 9844172
2.98 9845368
3.06 9846568
3.14 9847756
3.21 9848932
3.22 9850124
3.19 9851328
3.13 9852516
3.07 9853696
3.03 9854888
2.93 9857280
2.89 9858456
2.86 9859644
2.83 9860836
2.82 9862036
2.84 9863224
2.92 9864404
3.02 9865608
3.12 9866800
3.21 9867972
3.29 9869168
3.29 9870372
3.25 9871560
3.17 9872732
3.09 9873928
3.03 9875128
2.96 9876320
2.90 9877492
2.85 9878704
2.81 9879888
2.77 9881080
2.73 9882256
2.78 9883444
2.88 9884648
3.02 9885840
3.15 9887012
3.28 9888204
3.40 9889408
3.40 9890600
3.34 9891776
3.24 9892968
3.14 9894168
3.05 9895360
2.96 9896536
2.88 9897724
2.80 9898928
2.74 9900116
2.68 9901292
2.63 9902484
2.71 9903688
2.88 9904880
3.10 9906056
3.32 9907260
3.54 9908448
3.72 9909640
3.75 9910816
3.66 9912008
3.51 9913208
3.37 9914404
3.23 9915572
3.09 9916768
2.96 9917968
2.85 9919160
2.76 9920332
2.67 9921524
2.61 9922732
2.71 9923920
2.89 9925092
3.15 9926284
3.41 9927488
3.67 9928680
3.86 9929852
3.90 9931048
3.80 9932244
3.66 9933440
3.53 9934616
3.40 9935816
3.26 9937008
3.14 9938200
3.04 9939376
2.94 9940564
2.85 9941768
2.81 9942960
2.95 9944136
3.21 9945324
3.60 9946528
3.99 9947720
4.40 9948892
4.71 9950084
4.84 9951292
4.79 9952480
4.66 9953656
4.51 9954848
4.34 9956048
4.15 9957236
3.98 9958428
3.82 9959604
3.66 9960808
3.52 9962000
3.53 9964368
3.73 9965576
4.01 9966756
4.31 9967936
4.64 9969128
4.87 9970328
4.95 9971520
4.87 9972696
4.73 9973884
4.56 9975088
4.36 9976280
4.14 9977452
3.92 9978644
3.70 9979848
3.50 9981040
3.31 9982216
3.21 9983404
3.29 9984608
3.52 9985800
3.85 9986972
4.25 9988168
4.68 9989368
5.00 9990560
5.00 9991732
5.00 9992924
5.00 9994116
4.92 9995324
4.79 9996492
4.64 9997688
4.49 9998888
4.34 10000080
4.17 10001340
4.02 10002616
4.03 10003904
4.21 10005168
4.54 10006436
4.95 10007736
5.00 10008988
5.00 10010276
5.00 10011540
5.00 10012812
5.00 10014100
5.00 10015364
4.98 10016640
4.87 10017928
4.75 10019188
4.63 10020480
4.52 10021740
4.43 10023012
4.52 10024304
4.76 10025568
5.00 10026836
5.00 10028116
5.00 10029388
5.00 10030676
5.00 10031940
5.00 10033212
5.00 10034492
5.00 10035764
5.00 10037036
4.95 10038332
4.87 10039592
4.78 10040880
4.69 10042140
4.68 10043428
4.84 10044704
5.00 10045964
5.00 10047252
5.00 10048532
5.00 10049788
5.00 10051076
5.00 10052340
5.00 10053612
5.00 10054900
5.00 10056164
5.00 10057436
5.00 10058716
4.93 10059992
4.86 10061280
4.79 10062540
4.86 10063816
5.00 10065092
5.00 10066364
5.00 10067636
5.00 10070188
5.00 10071476
5.00 10072740
5.00 10074012
5.00 10075300
5.00 10076564
5.00 10077836
5.00 10079116
4.97 10080392
4.92 10081680
4.89 10082952
5.00 10084212
5.00 10085492
5.00 10086764
5.00 10088036
5.00 10089316
5.00 10090588
5.00 10091876
5.00 10093140
5.00 10094412
5.00 10095692
5.00 10096964
5.00 10098236
5.00 10099516
5.00 10100788
4.95 10102080
4.97 10103352
5.00 10104612
5.00 10105908
5.00 10107164
5.00 10108436
5.00 10109716
5.00 10111004
5.00 10112276
5.00 10113540
5.00 10114812
5.00 10116108
5.00 10117364
5.00 10118636
5.00 10119916
5.00 10121188
4.98 10122480
5.00 10123740
5.00 10125012
5.00 10126300
5.00 10127564
5.00 10128852
5.00 10130116
5.00 10131388
5.00 10132676
5.00 10133940
5.00 10135212
5.00 10136492
5.00 10137780
5.00 10139036
5.00 10140316
5.00 10141588
5.00 10142876
5.00 10144140
5.00 10145412
5.00 10146692
5.00 10147964
5.00 10149236
5.00 10150516
5.00 10151788
5.00 10153076
5.00 10154340
5.00 10155612
5.00 10156892
5.00 10158164
5.00 10159436
5.00 10160716
5.00 10161988
5.00 10163276
5.00 10164540
5.00 10165812
5.00 10167100
5.00 10168376
5.00 10169652
5.00 10170916
5.00 10172188
5.00 10173484
5.00 10174740
5.00 10177292
5.00 10178580
5.00 10179836
5.00 10181116
5.00 10182388
5.00 10183676
5.00 10184940
5.00 10186212
5.00 10187492
5.00 10188764
5.00 10190036
5.00 10191316
5.00 10192588
5.00 10193876
5.00 10195140
5.00 10196412
5.00 10197692
5.00 10198964
5.00 10200236
5.00 10201516
5.00 10202788
5.00 10204076
5.00 10205356
5.00 10206612
5.00 10207900
5.00 10209164
5.00 10210436
5.00 10211716
5.00 10212988
5.00 10214276
5.00 10215540
5.00 10216812
5.00 10218092
5.00 10219364
5.00 10220636
5.00 10221916
5.00 10223188
5.00 10224476
5.00 10225740
5.00 10227012
5.00 10228300
5.00 10229564
5.00 10230852
5.00 10232116
5.00 10233388
5.00 10234676
5.00 10235956
5.00 10237212
5.00 10238492
5.00 10239764
5.00 10241052
5.00 10242316
5.00 10243588
5.00 10244876
5.00 10246140
5.00 10247412
5.00 10248692
5.00 10249964
5.00 10251236
5.00 10252516
5.00 10253788
5.00 10255076
5.00 10256340
5.00 10257612
5.00 10258900
5.00 10260164
5.00 10261436
5.00 10262716
5.00 10263988
5.00 10265276
5.00 10266540
5.00 10267828
5.00 10269092
5.00 10270364
5.00 10271636
5.00 10272916
5.00 10274188
5.00 10275476
5.00 10276740
5.00 10279292
5.00 10280564
5.00 10281852
5.00 10283116
5.00 10284388
5.00 10285676
5.00 10286940
5.00 10288212
5.00 10289500
5.00 10290764
5.00 10292036
5.00 10293316
5.00 10294588
5.00 10295876
5.00 10297140
5.00 10298416
5.00 10299692
5.00 10300964
5.00 10302236
5.00 10303532
5.00 10304788
5.00 10306076
5.00 10307340
5.00 10308628
5.00 10309892
5.00 10311164
5.00 10312452
5.00 10313716
5.00 10314988
5.00 10316276
5.00 10317540
5.00 10318812
5.00 10320092
5.00 10321364
5.00 10322636
5.00 10323916
5.00 10325188
5.00 10326476
5.00 10327740
5.00 10329012
5.00 10330300
5.00 10331564
5.00 10332836
5.00 10334116
5.00 10335404
5.00 10336676
5.00 10337940
5.00 10339212
5.00 10340492
5.00 10341764
5.00 10343036
5.00 10344316
5.00 10345588
5.00 10346876
5.00 10348140
5.00 10349412
5.00 10350692
5.00 10351964
5.00 10353252
5.00 10354516
5.00 10355788
5.00 10357076
5.00 10358340
5.00 10359612
5.00 10360892
5.00 10362164
5.00 10363436
5.00 10364716
5.00 10366004
5.00 10367276
5.00 10368540
5.00 10369812
5.00 10371108
5.00 10372364
4.89 10373640
4.60 10374928
4.27 10376192
3.91 10377480
3.57 10378752
3.25 10380012
2.94 10381304
2.67 10382564
2.69 10385124
3.01 10386392
3.47 10387680
3.99 10388944
4.46 10390212
4.74 10391504
4.79 10392768
4.71 10394036
4.57 10395328
4.38 10396588
4.18 10397880
3.97 10399152
3.78 10400412
3.60 10401704
3.47 10402968
3.53 10404240
3.83 10405528
4.34 10406792
4.94 10408080
5.00 10409340
5.00 10410612
5.00 10411892
5.00 10413164
5.00 10414436
5.00 10415728
4.85 10416992
4.70 10418276
4.54 10419540
4.39 10420812
4.25 10422104
4.20 10423364
4.40 10424636
4.84 10425928
5.00 10427188
5.00 10428476
5.00 10429740
5.00 10431012
5.00 10432300
5.00 10433580
5.00 10434836
5.00 10436116
4.93 10437392
4.81 10438684
4.70 10439940
4.59 10441216
4.49 10442504
4.56 10443764
4.87 10445056
5.00 10446316
5.00 10447588
5.00 10448876
5.00 10450140
5.00 10451412
5.00 10452692
5.00 10453964
5.00 10455236
5.00 10456516
4.94 10457792
4.84 10459080
4.74 10460340
4.65 10461616
4.59 10462904
4.77 10464164
5.00 10465452
5.00 10466716
5.00 10467988
5.00 10469276
5.00 10470540
5.00 10471812
5.00 10473092
5.00 10474364
5.00 10475636
5.00 10476916
4.92 10478192
4.83 10479480
4.74 10480740
4.67 10483304
4.95 10484568
5.00 10485836
5.00 10487116
5.00 10488388
5.00 10489676
5.00 10490940
5.00 10492212
5.00 10493500
5.00 10494764
5.00 10496052
5.00 10497316
5.00 10498592
4.93 10499880
4.88 10501156
4.83 10502416
4.92 10503704
5.00 10504964
5.00 10506236
5.00 10507516
5.00 10508788
5.00 10510076
5.00 10511340
5.00 10512612
4.93 10513904
4.73 10515164
4.52 10516440
4.32 10517728
4.13 10518988
3.97 10520280
3.82 10521540
3.71 10522816
3.84 10524104
4.23 10525368
4.88 10526640
5.00 10527916
5.00 10529188
5.00 10530476
5.00 10531740
5.00 10533028
5.00 10534300
5.00 10535564
4.87 10536840
4.72 10538128
4.57 10539388
4.44 10540680
4.32 10541952
4.27 10543216
4.51 10544504
5.00 10545764
5.00 10547036
5.00 10548316
5.00 10549588
5.00 10550876
5.00 10552140
5.00 10553412
5.00 10554700
5.00 10555964
4.91 10557240
4.78 10558528
4.66 10559792
4.55 10561080
4.44 10562340
4.51 10563628
4.85 10564904
5.00 10566164
5.00 10567436
5.00 10568732
5.00 10569988
5.00 10571276
5.00 10572540
5.00 10573812
5.00 10575092
5.00 10576364
4.90 10577640
4.78 10578928
4.67 10580192
4.57 10581480
4.50 10582740
4.66 10584016
5.00 10586564
5.00 10587836
5.00 10589116
5.00 10590388
5.00 10591676
5.00 10592940
5.00 10594212
5.00 10595508
4.99 10596776
4.88 10598040
4.78 10599328
4.67 10600592
4.58 10601880
4.56 10603144
4.83 10604416
5.00 10605700
5.00 10606964
5.00 10608236
5.00 10609516
5.00 10610788
5.00 10612076
5.00 10613340
5.00 10614612
5.00 10615900
4.96 10617176
4.85 10618436
4.75 10619728
4.65 10620992
4.56 10622280
4.63 10623540
5.00 10624812
5.00 10626104
5.00 10627364
5.00 10628636
5.00 10629916
5.00 10631204
5.00 10632476
5.00 10633740
5.00 10635012
5.00 10636308
4.92 10637576
4.81 10638836
4.71 10640124
4.62 10641392
4.56 10642680
4.73 10643940
5.00 10645212
5.00 10646492
5.00 10647764
5.00 10649036
5.00 10650316
5.00 10651588
5.00 10652876
5.00 10654140
5.00 10655412
5.00 10656704
4.88 10657968
4.77 10659236
4.67 10660528
4.58 10661788
4.56 10663080
4.84 10664352
5.00 10665612
5.00 10666900
5.00 10668164
5.00 10669436
5.00 10670716
5.00 10671988
5.00 10673276
5.00 10674540
5.00 10675812
4.96 10677104
4.84 10678368
4.73 10679636
4.63 10680928
4.55 10682188
4.61 10683480
5.00 10684740
5.00 10686012
5.00 10687300
5.00 10688564
5.00 10689836
5.00 10691116
5.00 10692388
5.00 10693684
5.00 10696212
4.90 10697504
4.78 10698780
4.68 10700040
4.58 10701328
4.51 10702592
4.68 10703884
5.00 10705140
5.00 10706412
5.00 10707700
5.00 10708964
5.00 10710236
5.00 10711516
5.00 10712788
5.00 10714076
5.00 10715340
5.00 10716616
4.87 10717904
4.76 10719168
4.65 10720440
4.56 10721724
4.53 10722992
4.82 10724280
5.00 10725556
5.00 10726812
5.00 10728100
5.00 10729364
5.00 10730636
5.00 10731916
5.00 10733188
5.00 10734476
5.00 10735740
4.96 10737016
4.84 10738304
4.73 10739564
4.64 10740840
4.55 10742128
4.61 10743392
5.00 10744676
5.00 10745940
5.00 10747212
5.00 10748492
5.00 10749764
5.00 10751036
5.00 10752316
5.00 10753588
5.00 10754876
5.00 10756152
4.92 10757416
4.81 10758704
4.71 10759964
4.61 10761252
4.54 10762524
4.71 10763788
5.00 10765076
5.00 10766356
5.00 10767612
5.00 10768892
5.00 10770164
5.00 10771452
5.00 10772716
5.00 10773988
5.00 10775276
5.00 10776540
4.88 10777816
4.76 10779104
4.66 10780368
4.57 10781640
4.54 10782924
4.82 10784192
5.00 10785476
5.00 10786740
5.00 10788012
5.00 10789300
5.00 10790564
5.00 10791852
5.00 10794388
5.00 10795676
4.95 10796952
4.82 10798216
4.71 10799500
4.60 10800768
4.52 10802040
4.56 10803328
4.97 10804592
5.00 10805876
5.00 10807140
5.00 10808412
5.00 10809700
5.00 10810964
5.00 10812236
5.00 10813516
5.00 10814788
5.00 10816076
4.90 10817352
4.77 10818612
4.65 10819904
4.56 10821164
4.47 10822440
4.64 10823732
5.00 10824988
5.00 10826276
5.00 10827540
5.00 10828828
5.00 10830100
5.00 10831364
5.00 10832636
5.00 10833916
5.00 10835188
4.97 10836480
4.83 10837752
4.71 10839012
4.59 10840304
4.49 10841568
4.45 10842836
4.72 10844128
5.00 10845388
5.00 10846676
5.00 10847940
5.00 10849212
5.00 10850492
5.00 10851764
5.00 10853036
5.00 10854316
5.00 10855604
4.93 10856880
4.80 10858144
4.68 10859416
4.57 10860704
4.47 10861964
4.49 10863236
4.87 10864528
5.00 10865788
5.00 10867076
5.00 10868340
5.00 10869612
5.00 10870900
5.00 10872164
5.00 10873436
5.00 10874716
5.00 10875988
4.91 10877280
4.78 10878540
4.67 10879816
4.57 10881104
4.48 10882368
4.60 10883640
5.00 10884916
5.00 10886200
5.00 10887476
5.00 10888740
5.00 10890012
5.00 10891308
5.00 10892564
5.00 10893836
5.00 10895116
4.88 10897680
4.76 10898952
4.65 10900216
4.56 10901500
4.51 10902768
4.72 10904036
5.00 10905316
5.00 10906588
5.00 10907876
5.00 10909140
5.00 10910412
5.00 10911692
5.00 10912964
5.00 10914236
5.00 10915516
4.97 10916792
4.84 10918080
4.73 10919340
4.62 10920612
4.54 10921900
4.53 10923184
4.85 10924440
5.00 10925716
5.00 10926988
5.00 10928276
5.00 10929540
5.00 10930812
5.00 10932100
5.00 10933364
5.00 10934636
5.00 10935916
4.94 10937192
4.82 10938480
4.71 10939740
4.61 10941012
4.53 10942304
4.62 10943564
5.00 10944836
5.00 10946116
5.00 10947388
5.00 10948676
5.00 10949940
5.00 10951212
5.00 10952492
5.00 10953780
5.00 10955036
5.00 10956316
4.91 10957592
4.79 10958884
4.69 10960140
4.60 10961416
4.55 10962704
4.74 10963964
5.00 10965236
5.00 10966516
5.00 10967788
5.00 10969076
5.00 10970340
5.00 10971612
5.00 10972892
5.00 10974164
5.00 10975436
5.00 10976728
4.89 10977992
4.78 10979280
4.68 10980552
4.60 10981816
4.59 10983104
4.88 10984368
5.00 10985652
5.00 10986916
5.00 10988188
5.00 10989476
5.00 10990740
5.00 10992012
5.00 10993300
5.00 10994564
5.00 10995836
4.98 10997128
4.87 10998392
4.78 10999680
4.69 11000940
4.69 11003500
5.00 11004764
5.00 11006036
5.00 11007316
5.00 11008588
5.00 11009876
5.00 11011140
5.00 11012412
5.00 11013692
5.00 11014964
5.00 11016240
4.95 11017528
4.85 11018792
4.77 11020080
4.69 11021356
4.62 11022616
4.79 11023904
5.00 11025164
5.00 11026452
5.00 11027716
5.00 11028988
5.00 11030276
5.00 11031540
5.00 11032812
5.00 11034100
5.00 11035364
5.00 11036636
4.93 11037928
4.84 11039192
4.75 11040480
4.68 11041752
4.66 11043016
4.92 11044304
5.00 11045564
5.00 11046836
5.00 11048116
5.00 11049388
5.00 11050676
5.00 11051940
5.00 11053228
5.00 11054492
5.00 11055764
4.98 11057040
4.87 11058328
4.78 11059588
4.69 11060880
4.61 11062140
4.67 11063416
5.00 11064700
5.00 11065964
5.00 11067236
5.00 11068516
5.00 11069788
5.00 11071076
5.00 11072340
5.00 11073612
5.00 11074900
5.00 11076164
4.93 11077456
4.82 11078728
4.73 11079988
4.64 11081280
4.57 11082552
4.73 11083828
5.00 11085100
5.00 11086364
5.00 11087636
5.00 11088932
5.00 11090188
5.00 11091476
5.00 11092740
5.00 11094012
5.00 11095300
5.00 11096564
4.90 11097840
4.79 11099128
4.70 11100388
4.63 11101680
4.61 11102940
5.00 11105492
5.00 11106764
5.00 11108052
5.00 11109316
5.00 11110588
5.00 11111876
5.00 11113140
5.00 11114412
5.00 11115692
4.98 11116976
4.87 11118240
4.78 11119528
4.68 11120808
4.61 11122080
4.65 11123352
4.99 11124616
5.00 11125892
5.00 11127164
5.00 11128436
5.00 11129716
5.00 11130988
5.00 11132276
5.00 11133540
5.00 11134812
5.00 11136100
4.94 11137368
4.84 11138640
4.75 11139928
4.66 11141192
4.59 11142480
4.73 11143740
5.00 11145012
5.00 11146292
5.00 11147564
5.00 11148836
5.00 11150116
5.00 11151404
5.00 11152676
5.00 11153940
5.00 11155212
5.00 11156508
4.91 11157768
4.81 11159036
4.72 11160328
4.63 11161592
4.59 11162880
4.83 11164144
5.00 11165412
5.00 11166700
5.00 11167964
5.00 11169236
5.00 11170516
5.00 11171788
5.00 11173076
5.00 11174340
5.00 11175612
4.99 11176904
4.88 11178168
4.78 11179440
4.70 11180724
4.61 11181988
4.64 11183280
4.97 11184552
5.00 11185812
5.00 11187100
5.00 11188364
5.00 11189636
5.00 11190916
5.00 11192188
5.00 11193476
5.00 11194740
5.00 11196012
4.95 11197304
4.84 11198568
4.75 11199836
4.66 11201128
4.58 11202392
4.70 11203680
5.00 11204940
5.00 11206212
5.00 11208764
5.00 11210036
5.00 11211316
5.00 11212588
5.00 11213880
5.00 11215140
5.00 11216412
4.93 11217704
4.83 11218980
4.74 11220236
4.66 11221528
4.61 11222792
4.81 11224084
5.00 11225340
5.00 11226612
5.00 11227892
5.00 11229164
5.00 11230436
5.00 11231716
5.00 11232988
5.00 11234276
5.00 11235540
5.00 11236812
4.90 11238104
4.80 11239368
4.71 11240636
4.63 11241928
4.64 11243192
4.95 11244480
5.00 11245740
5.00 11247012
5.00 11248300
5.00 11249564
5.00 11250852
5.00 11252116
5.00 11253388
5.00 11254676
5.00 11255940
4.97 11257216
4.87 11258504
4.77 11259764
4.69 11261040
4.61 11262328
4.71 11263588
5.00 11264876
5.00 11266140
5.00 11267412
5.00 11268692
5.00 11269964
5.00 11271236
5.00 11272516
5.00 11273788
5.00 11275076
5.00 11276340
4.95 11277616
4.85 11278904
4.76 11280168
4.68 11281460
4.63 11282728
4.82 11283992
5.00 11285276
5.00 11286556
5.00 11287812
5.00 11289100
5.00 11290364
5.00 11291636
5.00 11292916
5.00 11294188
5.00 11295476
5.00 11296740
4.92 11298016
4.82 11299304
4.73 11300564
4.66 11301840
4.65 11303128
4.94 11304392
5.00 11305676
5.00 11306940
5.00 11308212
5.00 11310764
5.00 11312036
5.00 11313332
5.00 11314588
5.00 11315876
5.00 11317152
4.90 11318416
4.81 11319704
4.73 11320968
4.65 11322240
4.74 11323528
5.00 11324788
5.00 11326076
5.00 11327340
5.00 11328612
5.00 11329900
5.00 11331164
5.00 11332436
5.00 11333716
5.00 11334988
5.00 11336276
4.97 11337552
4.87 11338816
4.78 11340104
4.71 11341364
4.65 11342636
4.82 11343932
5.00 11345188
5.00 11346476
5.00 11347740
5.00 11349028
5.00 11350292
5.00 11351564
5.00 11352836
5.00 11354132
5.00 11355388
5.00 11356676
4.94 11357952
4.85 11359212
4.76 11360504
4.69 11361768
4.67 11363040
4.94 11364328
5.00 11365588
5.00 11366876
5.00 11368140
5.00 11369412
5.00 11370692
5.00 11371964
5.00 11373236
5.00 11374516
5.00 11375788
5.00 11377076
4.92 11378352
4.83 11379616
4.76 11380912
4.68 11382168
4.75 11383456
5.00 11384716
5.00 11385988
5.00 11387276
5.00 11388540
5.00 11389812
5.00 11391092
5.00 11392364
5.00 11393652
5.00 11394916
5.00 11396188
5.00 11397480
4.91 11398752
4.83 11400016
4.76 11401304
4.70 11402564
4.85 11403836
5.00 11405116
5.00 11406388
5.00 11407676
5.00 11408940
5.00 11410212
5.00 11412764
5.00 11414052
5.00 11415316
5.00 11416604
4.98 11417880
4.89 11419152
4.82 11420416
4.75 11421708
4.73 11422964
4.96 11424240
5.00 11425516
5.00 11426788
5.00 11428076
5.00 11429340
5.00 11430612
5.00 11431900
5.00 11433164
5.00 11434452
5.00 11435716
5.00 11436988
4.95 11438280
4.87 11439552
4.80 11440816
4.74 11442104
4.78 11443384
5.00 11444636
5.00 11445916
5.00 11447188
5.00 11448476
5.00 11449740
5.00 11451012
5.00 11452292
5.00 11453564
5.00 11454836
5.00 11456116
5.00 11457388
4.92 11458680
4.85 11459940
4.78 11461212
4.72 11462504
4.85 11463768
5.00 11465052
5.00 11466316
5.00 11467588
5.00 11468876
5.00 11470140
5.00 11471412
5.00 11472692
5.00 11473976
5.00 11475236
5.00 11476516
4.99 11477792
4.91 11479084
4.83 11480352
4.77 11481612
4.75 11482904
4.96 11484184
5.00 11485452
5.00 11486716
5.00 11487988
5.00 11489276
5.00 11490540
5.00 11491812
5.00 11493100
5.00 11494364
5.00 11495636
5.00 11496916
4.97 11498192
4.89 11499480
4.82 11500752
4.76 11502016
4.79 11503304
5.00 11504564
5.00 11505836
5.00 11507116
5.00 11508388
